ID	Waveform	Period	Phase	Nadir	Tau	P
-0.19388617104212877	cosine	24.0	8.0	10.0	0.48716779613266165	0.0004262546337290486
1.07483262879839	cosine	24.0	0.0	22.0	0.14652899408795275	0.15789673145623845
-0.020744465982567226	cosine	24.0	12.0	14.0	0.24358389806633082	0.04769966180633572
1.295060076418353	cosine	24.0	14.0	12.0	0.28049054928850214	0.02741363646522646
-1.0110784164223607	cosine	24.0	18.0	20.0	0.18118348213186988	0.10741654185240362
-0.3358745674469252	cosine	24.0	18.0	0.0	0.3284759038915032	0.012264171834014782
-1.3060387886457159	cosine	24.0	8.0	4.0	0.3720584753663004	0.005430836150817805
-0.8706958968409408	cosine	24.0	6.0	18.0	0.31079909050124127	0.016679520254869944
0.2068552168404924	cosine	24.0	18.0	16.0	0.3216931213361771	0.01382149916799702
0.31730097250771827	cosine	24.0	10.0	8.0	0.1550079351331196	0.14430254111594104
1.0909560114272943	cosine	24.0	2.0	22.0	0.2458918427695533	0.04615084821555857
0.5538939592664927	cosine	24.0	20.0	0.0	0.27840508876711023	0.028327345676766758
-1.283864603146996	cosine	24.0	10.0	8.0	0.413354493688319	0.00232862927072122
1.153273728334727	cosine	24.0	16.0	18.0	0.18118348213186988	0.10741654185240362
-1.3939128101990035	cosine	24.0	2.0	0.0	0.21405857708859377	0.07139933215686703
0.5865123167795079	cosine	24.0	4.0	22.0	0.2408823295204357	0.049565208125727844
-0.700487778063735	cosine	24.0	12.0	14.0	0.413354493688319	0.00232862927072122
0.295182161571215	cosine	24.0	4.0	2.0	0.28471690049293835	0.0256371939762934
-0.9864653059171254	cosine	24.0	20.0	22.0	0.19929591659972523	0.08622355226943118
-0.5168807182383467	cosine	24.0	14.0	12.0	0.30263454002180495	0.019140153805216078
0.329129438627303	cosine	24.0	6.0	8.0	0.32477853075510776	0.013093115992743426
-0.6412065753663743	cosine	24.0	16.0	12.0	0.16576862763845066	0.12821813932553655
0.5399420243112203	cosine	24.0	2.0	22.0	0.2752520628017388	0.029756812538456148
0.6976567807977978	cosine	24.0	12.0	10.0	0.3100158702662392	0.016903200710028324
0.45498246821156757	cosine	24.0	18.0	16.0	0.23295019131240413	0.055380662873957556
-2.1387401750350765	cosine	24.0	20.0	18.0	0.18118348213186988	0.10741654185240362
-1.02120265532986	cosine	24.0	4.0	0.0	0.36469098080459145	0.006268102368788777
-2.36524871553965	cosine	24.0	4.0	6.0	0.3100158702662392	0.016903200710028324
-0.40250391833977633	cosine	24.0	16.0	14.0	0.22143990733302804	0.06476208627439409
-0.5536627031770507	cosine	24.0	6.0	8.0	0.26572788879963366	0.03444220575113408
-1.3370784669363818	cosine	24.0	10.0	12.0	0.3469225214884106	0.008773600268086433
0.6583203863270843	cosine	24.0	12.0	18.0	0.4265167106155982	0.0017504949338750207
-1.4892753262592335	cosine	24.0	20.0	4.0	0.28886033117174187	0.023990189143146694
-0.0343036873427368	cosine	24.0	18.0	16.0	0.21815970297510862	0.06764995867882109
1.103773765629842	cosine	24.0	12.0	10.0	0.30263454002180495	0.019140153805216078
0.9210280598566063	cosine	24.0	12.0	0.0	0.18647945430074478	0.10086448344866494
-0.6077496714429976	cosine	24.0	4.0	2.0	0.16639299379457437	0.12732468937632635
2.127714940426217	cosine	24.0	16.0	2.0	0.3926929429304807	0.0035899625406177324
-1.231072434893262	cosine	24.0	0.0	2.0	0.2952532097773707	0.02162395005989455
-0.2767108779490533	cosine	24.0	4.0	20.0	0.2815474113952421	0.026960055111695882
0.04701504494317847	cosine	24.0	18.0	16.0	0.24034543548105186	0.04994280222373064
-1.0407041619214716	cosine	24.0	2.0	0.0	0.16238926537755388	0.1331294177656946
1.0610667231011297	cosine	24.0	22.0	0.0	0.2490992899495197	0.04406574993045694
0.11948147630241435	cosine	24.0	22.0	20.0	0.2878718795329364	0.024374796195956446
-0.3184970197107352	cosine	24.0	6.0	8.0	0.21405857708859377	0.07139933215686703
0.7436141228072809	cosine	24.0	20.0	16.0	0.3382718739365089	0.01028420398543131
0.49936549743109915	cosine	24.0	4.0	18.0	0.35899603551548426	0.0069916470137857895
0.4707842156989988	cosine	24.0	2.0	0.0	0.3173972005106735	0.014893695995628085
-0.300145812157202	cosine	24.0	6.0	0.0	0.2794419828171161	0.027869928627522758
0.06930404649609478	cosine	24.0	16.0	12.0	0.36469098080459145	0.006268102368788777
-0.355129151431773	cosine	24.0	6.0	4.0	0.2583465585551994	0.03847661585264555
-0.7086159535070109	cosine	24.0	18.0	16.0	0.29211214466158614	0.02276070879876716
0.9364617387076369	cosine	24.0	8.0	2.0	0.3425884971194647	0.009504204798824281
0.33734481477385053	cosine	24.0	18.0	16.0	0.34387885384212036	0.009281315096840078
-0.5621112045060954	cosine	24.0	18.0	20.0	0.4252265396972456	0.0018007516288111659
0.5116878874043167	cosine	24.0	8.0	6.0	0.32477853075510776	0.013093115992743426
-0.6979544889229414	cosine	24.0	22.0	20.0	0.3173972005106735	0.014893695995628085
0.8173379694762586	cosine	24.0	22.0	20.0	0.33215986099954203	0.011483852877009561
0.6416042634711077	cosine	24.0	8.0	16.0	0.2815474113952421	0.026960055111695882
1.8448334115183511	cosine	24.0	10.0	12.0	0.24358389806633082	0.04769966180633572
-1.6955012999786128	cosine	24.0	20.0	14.0	0.29727222782587787	0.020918889760707993
-1.6624677854329637	cosine	24.0	2.0	4.0	0.21815970297510862	0.06764995867882109
0.25964658134075	cosine	24.0	14.0	16.0	0.22143990733302804	0.06476208627439409
0.2805930058271887	cosine	24.0	22.0	0.0	0.20514059172313384	0.08010054349500118
1.017033285531676	cosine	24.0	2.0	4.0	0.3069026329988816	0.017817847893956983
0.6669069508266111	cosine	24.0	6.0	8.0	0.2952532097773707	0.02162395005989455
-0.40235119064402536	cosine	24.0	8.0	6.0	0.26572788879963366	0.03444220575113408
0.1492245939248465	cosine	24.0	6.0	8.0	0.2952532097773707	0.02162395005989455
0.4173568625956087	cosine	24.0	4.0	0.0	0.2689135515023755	0.032811789040382046
1.6275673340725736	cosine	24.0	16.0	18.0	0.3586693421794159	0.0070353044355588755
1.0595185549969774	cosine	24.0	12.0	10.0	0.3616851819772791	0.0066412775630506635
1.01685572799644	cosine	24.0	14.0	12.0	0.413354493688319	0.00232862927072122
-0.039442570121925986	cosine	24.0	4.0	2.0	0.2551359238183474	0.04034778682105685
-0.04853869138101794	cosine	24.0	10.0	20.0	0.3516695858110866	0.008030305253720312
0.0693554603017768	cosine	24.0	2.0	0.0	0.32477853075510776	0.013093115992743426
0.12400587256157201	cosine	24.0	14.0	10.0	0.29101603518750224	0.023169067299739072
0.4446086528099803	cosine	24.0	16.0	18.0	0.21815970297510862	0.06764995867882109
1.1300315049896734	cosine	24.0	12.0	14.0	0.3395411912439763	0.010049245916082774
0.3100710061991816	cosine	24.0	2.0	4.0	0.2773216563242906	0.02881195020498228
-1.9059652933247195	cosine	24.0	12.0	10.0	0.24358389806633082	0.04769966180633572
0.7154422232704163	cosine	24.0	10.0	14.0	0.29101603518750224	0.023169067299739072
0.9428872949546648	cosine	24.0	16.0	18.0	0.23295019131240413	0.055380662873957556
2.3835876749127674	cosine	24.0	10.0	6.0	0.23207607869383093	0.05605319139859437
0.7724581977420938	cosine	24.0	8.0	14.0	0.26473451003726783	0.034964025382031784
1.4115351085365286	cosine	24.0	14.0	12.0	0.16977059562198815	0.12256654833167985
1.087814965776894	cosine	24.0	18.0	16.0	0.24774067964969962	0.04493949144849353
-1.4534922265720291	cosine	24.0	12.0	10.0	0.2878718795329364	0.024374796195956446
-2.261361411662278	cosine	24.0	12.0	16.0	0.2983835297492112	0.020539183818460795
2.0157520799091535	cosine	24.0	10.0	12.0	0.1550079351331196	0.14430254111594104
1.075111126266386	cosine	24.0	14.0	16.0	0.32477853075510776	0.013093115992743426
-0.8182004969494293	cosine	24.0	12.0	14.0	0.3173972005106735	0.014893695995628085
1.1384005845445477	cosine	24.0	20.0	22.0	0.23620256782189655	0.052934139906380795
-0.10258798830983554	cosine	24.0	0.0	4.0	0.27628104606408443	0.02928387041000692
0.8900029765795568	cosine	24.0	8.0	10.0	0.3100158702662392	0.016903200710028324
-0.8105150295310586	cosine	24.0	2.0	4.0	0.2699264121556429	0.03230693818080994
0.5417611579806096	cosine	24.0	0.0	22.0	0.16850834320114566	0.12432991439258562
0.054245306758678793	cosine	24.0	2.0	22.0	0.3413125578741561	0.009729191976092375
-1.2621787134247706	cosine	24.0	20.0	22.0	0.14762660488868534	0.15609104027542364
0.36471316993934905	cosine	24.0	16.0	12.0	0.15103363851503282	0.15057309273890357
-0.7670437410453792	cosine	24.0	4.0	2.0	0.38825031885400685	0.003930673389220724
0.9501113919233278	cosine	24.0	20.0	22.0	0.17715192586642242	0.11260606365924808
0.9705090721853418	cosine	24.0	16.0	14.0	0.19929591659972523	0.08622355226943118
-1.050356069304616	cosine	24.0	8.0	12.0	0.1845332561108567	0.10323755908592297
1.5091153881487764	cosine	24.0	10.0	12.0	0.19929591659972523	0.08622355226943118
-0.27328631873332976	cosine	24.0	14.0	16.0	0.2878718795329364	0.024374796195956446
-0.30001680781145856	cosine	24.0	6.0	4.0	0.22143990733302804	0.06476208627439409
2.3254580311695454	cosine	24.0	0.0	2.0	0.2509652283107651	0.042888118888463896
-0.2730230084721024	cosine	24.0	12.0	14.0	0.2509652283107651	0.042888118888463896
0.6714236926391005	cosine	24.0	4.0	6.0	0.3173972005106735	0.014893695995628085
0.10914475212213393	cosine	24.0	14.0	16.0	0.22143990733302804	0.06476208627439409
0.16554459000629765	cosine	24.0	10.0	18.0	0.2490992899495197	0.04406574993045694
0.1107087711301663	cosine	24.0	0.0	20.0	0.24177284024512205	0.04894394450731348
0.5923921579554207	cosine	24.0	16.0	20.0	0.25002703725741965	0.04347701138065798
-0.2275650613215287	cosine	24.0	10.0	8.0	0.22882123757746228	0.05861420943696903
-0.5774688238965098	cosine	24.0	0.0	2.0	0.17715192586642242	0.11260606365924808
-2.1646345107439173	cosine	24.0	2.0	18.0	0.2930579881759055	0.022413223470489428
0.15646435289186217	cosine	24.0	20.0	22.0	0.1550079351331196	0.14430254111594104
0.8893330919421675	cosine	24.0	18.0	16.0	0.3660645863480636	0.006103836469221554
0.6414131840890066	cosine	24.0	18.0	20.0	0.24774067964969962	0.04493949144849353
2.770362698576478	cosine	24.0	16.0	18.0	0.3216931213361771	0.01382149916799702
-0.635435727562106	cosine	24.0	16.0	18.0	0.33648360967347263	0.010623344634627566
0.2164216502511383	cosine	24.0	2.0	0.0	0.16238926537755388	0.1331294177656946
-1.0087505600452642	cosine	24.0	2.0	20.0	0.25960865206574274	0.037760701669805136
-0.7918302788988821	cosine	24.0	2.0	0.0	0.4502611449104903	0.0010263673653035312
-0.08463982076714674	cosine	24.0	16.0	14.0	0.2878718795329364	0.024374796195956446
0.03297396224035161	cosine	24.0	10.0	12.0	0.2731092190440679	0.030762062328506853
1.106512541183461	cosine	24.0	10.0	12.0	0.23620256782189655	0.052934139906380795
-0.7760427624065086	cosine	24.0	8.0	10.0	0.3173972005106735	0.014893695995628085
0.90270312084609	cosine	24.0	14.0	16.0	0.24358389806633082	0.04769966180633572
-0.8347555962014779	cosine	24.0	22.0	20.0	0.2583465585551994	0.03847661585264555
-0.947463596409353	cosine	24.0	14.0	18.0	0.26154605694066657	0.03668290960514206
1.3643363456604134	cosine	24.0	6.0	4.0	0.37644784246614765	0.004980681982243198
0.25610609403306805	cosine	24.0	2.0	0.0	0.19191458635529096	0.09444831922890234
-1.0173552512037254	cosine	24.0	10.0	14.0	0.23944357325553983	0.05058223589567321
-1.3782007907453953	cosine	24.0	18.0	16.0	0.3808550746853591	0.004562440916140081
-1.2536593755116874	cosine	24.0	4.0	0.0	0.40152845361313605	0.0029900564410862453
-0.2585107450006592	cosine	24.0	4.0	2.0	0.35127409801076814	0.008090044838256295
1.9666092527290424	cosine	24.0	20.0	22.0	0.32477853075510776	0.013093115992743426
-0.005193332799245007	cosine	24.0	12.0	10.0	0.2583465585551994	0.03847661585264555
0.23559658604560696	cosine	24.0	14.0	12.0	0.28049054928850214	0.02741363646522646
-0.30260167363794716	cosine	24.0	16.0	14.0	0.2509652283107651	0.042888118888463896
-1.358583032573943	cosine	24.0	20.0	2.0	0.2742344916187423	0.030230724316061157
0.7086243520895911	cosine	24.0	2.0	4.0	0.2699264121556429	0.03230693818080994
-0.7409740012125735	cosine	24.0	4.0	22.0	0.3649732265461147	0.006234033324309193
-2.012053013640192	cosine	24.0	12.0	14.0	0.2066772468441595	0.07854663026645384
0.44724495569025857	cosine	24.0	0.0	22.0	0.16118189349674802	0.13491510064665357
-1.4267884656451697	cosine	24.0	4.0	22.0	0.33577536842242556	0.010760330424599592
-0.5971909464135411	cosine	24.0	20.0	18.0	0.24034543548105186	0.04994280222373064
-0.3899271298790654	cosine	24.0	12.0	10.0	0.2066772468441595	0.07854663026645384
-0.705717080332281	cosine	24.0	22.0	0.0	0.3370166864022913	0.010521242945149252
-0.6723629076670629	cosine	24.0	4.0	6.0	0.26572788879963366	0.03444220575113408
0.4398567917455989	cosine	24.0	20.0	18.0	0.35127409801076814	0.008090044838256295
-0.03640405241020314	cosine	24.0	4.0	6.0	0.3395411912439763	0.010049245916082774
0.8019664268145973	cosine	24.0	16.0	10.0	0.3897480286659777	0.0038127055583381552
0.3134435107659153	cosine	24.0	8.0	12.0	0.19191458635529096	0.09444831922890234
1.2181645038248028	cosine	24.0	22.0	2.0	0.21653162273736784	0.06911977279696901
-0.7184514085332961	cosine	24.0	12.0	0.0	0.22304405318324375	0.06338511299725048
-0.2716621193669785	cosine	24.0	14.0	16.0	0.2731092190440679	0.030762062328506853
-0.7807560858912029	cosine	24.0	6.0	4.0	0.3838291727105819	0.00429821088254844
-0.5736636354896008	cosine	24.0	20.0	2.0	0.3327378498307407	0.011365424119290006
-0.274161026851459	cosine	24.0	0.0	22.0	0.27107863906271257	0.03174043341798899
-2.1756959680248995	cosine	24.0	18.0	16.0	0.24774067964969962	0.04493949144849353
0.42416035390498497	cosine	24.0	10.0	16.0	0.23531956447757144	0.053589721789768105
-0.9663803037486325	cosine	24.0	2.0	0.0	0.17715192586642242	0.11260606365924808
-0.35186015041250107	cosine	24.0	0.0	2.0	0.28049054928850214	0.02741363646522646
-0.5219882976930842	cosine	24.0	0.0	22.0	0.2857315384715079	0.025225367793130095
0.5957648414820612	cosine	24.0	18.0	16.0	0.19597397046916537	0.08985625322931617
1.6500392279871987	cosine	24.0	18.0	20.0	0.1885787263005176	0.09834961988888624
-0.870493082423096	cosine	24.0	6.0	4.0	0.21405857708859377	0.07139933215686703
-1.0344760547165694	cosine	24.0	8.0	20.0	0.2961732509482417	0.02130021087103255
-0.43336881584760867	cosine	24.0	20.0	16.0	0.1985508825279509	0.08702857063002639
1.8178877516531426	cosine	24.0	12.0	10.0	0.2878718795329364	0.024374796195956446
-0.22346497932728354	cosine	24.0	10.0	12.0	0.1845332561108567	0.10323755908592297
0.36347583085422597	cosine	24.0	4.0	8.0	0.43836592642168065	0.0013452089331977713
1.0521347493820357	cosine	24.0	10.0	8.0	0.3395411912439763	0.010049245916082774
-0.7782187706635115	cosine	24.0	16.0	22.0	0.37364893492427953	0.005263710294693397
0.01738030274917016	cosine	24.0	6.0	8.0	0.2066772468441595	0.07854663026645384
-2.74916809891469	cosine	24.0	4.0	0.0	0.27628104606408443	0.02928387041000692
-0.9925974032195607	cosine	24.0	0.0	2.0	0.2731092190440679	0.030762062328506853
1.4114043298862375	cosine	24.0	6.0	4.0	0.24358389806633082	0.04769966180633572
2.1388529309550606	cosine	24.0	6.0	4.0	0.22143990733302804	0.06476208627439409
0.3813110883232676	cosine	24.0	16.0	12.0	0.3867934644897182	0.004048549572026775
-0.8217413164842381	cosine	24.0	14.0	12.0	0.23620256782189655	0.052934139906380795
-0.4971804960052105	cosine	24.0	20.0	14.0	0.3559926678902488	0.0074021542409467705
0.3311831404046074	cosine	24.0	6.0	0.0	0.3015031919868884	0.01950433652444874
-0.09796754028615683	cosine	24.0	22.0	20.0	0.3173972005106735	0.014893695995628085
1.3361389307173352	cosine	24.0	6.0	8.0	0.33215986099954203	0.011483852877009561
3.0965064498057058	cosine	24.0	10.0	18.0	0.24177284024512205	0.04894394450731348
-0.4856245968879118	cosine	24.0	16.0	18.0	0.20336921463781313	0.08192052243423542
0.09696789667661973	cosine	24.0	6.0	22.0	0.5082479244667357	0.0002512005529529669
0.17427397056208702	cosine	24.0	20.0	22.0	0.2066772468441595	0.07854663026645384
-0.16602179272161918	cosine	24.0	2.0	4.0	0.21076445880646086	0.0745247925817003
-0.3597260807574158	cosine	24.0	6.0	2.0	0.24681106781724876	0.04554533424377086
-0.7828676665722966	cosine	24.0	4.0	22.0	0.28467911670596946	0.025652637913207904
-0.5682903414622198	cosine	24.0	18.0	16.0	0.24774067964969962	0.04493949144849353
-1.314962205910427	cosine	24.0	10.0	12.0	0.2509652283107651	0.042888118888463896
0.9640531920654115	cosine	24.0	20.0	18.0	0.17378823796322213	0.11707097859576515
0.5170868731743172	cosine	24.0	20.0	0.0	0.20514059172313384	0.08010054349500118
0.4860359271904115	cosine	24.0	16.0	18.0	0.3660645863480636	0.006103836469221554
-1.5298173331320692	cosine	24.0	2.0	10.0	0.3370166864022913	0.010521242945149252
0.4651203542874879	cosine	24.0	14.0	16.0	0.14762660488868534	0.15609104027542364
-0.5228737326510412	cosine	24.0	8.0	14.0	0.25738077364734374	0.03903189065418176
-0.45210230421863684	cosine	24.0	2.0	0.0	0.2878718795329364	0.024374796195956446
-1.2340312240533144	cosine	24.0	14.0	12.0	0.2731092190440679	0.030762062328506853
2.273023400882784	cosine	24.0	12.0	2.0	0.3559926678902488	0.0074021542409467705
-0.30125372786216353	cosine	24.0	12.0	14.0	0.28049054928850214	0.02741363646522646
1.2713942900310542	cosine	24.0	4.0	8.0	0.4604684101068074	0.0008097444212506255
0.08829907986934898	cosine	24.0	4.0	6.0	0.2583465585551994	0.03847661585264555
-0.8170054138655428	cosine	24.0	12.0	14.0	0.28049054928850214	0.02741363646522646
0.8128530013701255	cosine	24.0	10.0	12.0	0.16977059562198815	0.12256654833167985
-0.32897698997357405	cosine	24.0	6.0	14.0	0.3327378498307407	0.011365424119290006
0.157188920696875	cosine	24.0	8.0	6.0	0.35430385173284484	0.007642194440630212
0.12112994306682402	cosine	24.0	22.0	6.0	0.3766153684897394	0.004964179797329569
-0.6838909980319079	cosine	24.0	20.0	22.0	0.2583465585551994	0.03847661585264555
-0.7236035754975273	cosine	24.0	12.0	0.0	0.44974456625473735	0.0010386295837084391
-0.5869183307149397	cosine	24.0	6.0	2.0	0.24681106781724876	0.04554533424377086
-0.8103316444179102	cosine	24.0	18.0	16.0	0.3660645863480636	0.006103836469221554
0.05131572744953797	cosine	24.0	14.0	8.0	0.2132583553077991	0.07214917198900778
0.27309971696844426	cosine	24.0	22.0	0.0	0.2490992899495197	0.04406574993045694
0.22508905991771244	cosine	24.0	6.0	8.0	0.22143990733302804	0.06476208627439409
1.7537479004556709	cosine	24.0	10.0	12.0	0.3912105029550162	0.003700585778126575
-0.7412661249636358	cosine	24.0	10.0	8.0	0.3100158702662392	0.016903200710028324
1.1069861572236999	cosine	24.0	6.0	4.0	0.2731092190440679	0.030762062328506853
-1.322356537548135	cosine	24.0	4.0	10.0	0.45593165617529463	0.0009002267306869742
1.406971319893817	cosine	24.0	8.0	14.0	0.3382718739365089	0.01028420398543131
-0.035968608118439195	cosine	24.0	8.0	10.0	0.1845332561108567	0.10323755908592297
-1.8144733815724854	cosine	24.0	6.0	14.0	0.47168332558423676	0.0006207912848591029
0.3091411247953749	cosine	24.0	10.0	12.0	0.3838291727105819	0.00429821088254844
-1.0359676417796806	cosine	24.0	14.0	12.0	0.21405857708859377	0.07139933215686703
0.4196817775985918	cosine	24.0	18.0	14.0	0.12156366026819715	0.2026405126981874
-1.4315729933948145	cosine	24.0	8.0	6.0	0.35430385173284484	0.007642194440630212
0.7339960168297112	cosine	24.0	16.0	18.0	0.14420726128863112	0.16176125330350544
0.5189261424361937	cosine	24.0	14.0	18.0	0.24681106781724876	0.04554533424377086
1.480139254724828	cosine	24.0	10.0	6.0	0.20260610044699526	0.0827141103030547
1.004016409105094	cosine	24.0	20.0	18.0	0.20336921463781313	0.08192052243423542
0.9015474712956827	cosine	24.0	22.0	0.0	0.32236378699349605	0.013660266883671912
-1.5271015058821757	cosine	24.0	18.0	20.0	0.35127409801076814	0.008090044838256295
-0.35787414884068447	cosine	24.0	6.0	8.0	0.39859183319945046	0.003178592823322213
-0.026843081874553896	cosine	24.0	12.0	14.0	0.2066772468441595	0.07854663026645384
0.4868881029516443	cosine	24.0	4.0	6.0	0.19929591659972523	0.08622355226943118
-0.8757041268273998	cosine	24.0	20.0	22.0	0.2731092190440679	0.030762062328506853
-0.9302690106034044	cosine	24.0	22.0	20.0	0.3616851819772791	0.0066412775630506635
1.4574283271263662	cosine	24.0	12.0	2.0	0.2679120077936924	0.03331737652423981
-0.10857513106786681	cosine	24.0	22.0	0.0	0.4395869822638583	0.0013087389029084813
0.5681294981264486	cosine	24.0	14.0	8.0	0.29414945559696426	0.022017809811881017
0.8870963190034684	cosine	24.0	18.0	16.0	0.22555494714375637	0.0612756889104502
-1.351808724935143	cosine	24.0	10.0	8.0	0.22882123757746228	0.05861420943696903
-1.0163265138176318	cosine	24.0	2.0	0.0	0.28049054928850214	0.02741363646522646
0.17010413768577268	cosine	24.0	8.0	10.0	0.3690665122217134	0.00575805764378841
-1.3676413400690695	cosine	24.0	14.0	20.0	0.28259211780978516	0.026517864644015943
-0.7150268132066095	cosine	24.0	14.0	12.0	0.33215986099954203	0.011483852877009561
-0.20766705833610097	cosine	24.0	22.0	0.0	0.424934082855063	0.0018123247756937882
-0.0693322415978908	cosine	24.0	0.0	20.0	0.2124670414275315	0.07289658589843155
-0.7926414478190051	cosine	24.0	16.0	18.0	0.24774067964969962	0.04493949144849353
-1.7857116379018492	cosine	24.0	0.0	4.0	0.3720584753663004	0.005430836150817805
-1.0393508848874669	cosine	24.0	2.0	8.0	0.27628104606408443	0.02928387041000692
-0.20511157770873542	cosine	24.0	0.0	22.0	0.36632248521988187	0.006073423898817913
-0.18021238763003458	cosine	24.0	4.0	0.0	0.4309984318599717	0.0015856751406824532
-0.4615099387560563	cosine	24.0	4.0	6.0	0.21405857708859377	0.07139933215686703
0.6650246201462462	cosine	24.0	16.0	20.0	0.20590461891787498	0.07932505515945215
1.491155414867277	cosine	24.0	14.0	16.0	0.3100158702662392	0.016903200710028324
0.9324198495561419	cosine	24.0	12.0	14.0	0.3912105029550162	0.003700585778126575
-0.0033960694462853136	cosine	24.0	12.0	10.0	0.3469225214884106	0.008773600268086433
-0.0148006632669546	cosine	24.0	20.0	22.0	0.28049054928850214	0.02741363646522646
0.4817983297704575	cosine	24.0	12.0	10.0	0.2509652283107651	0.042888118888463896
0.6123553382470796	cosine	24.0	0.0	22.0	0.3883018343330748	0.003926562060915238
-0.05312340210177281	cosine	24.0	6.0	10.0	0.3204860134343379	0.014115833190008366
2.2213645398791675	cosine	24.0	10.0	12.0	0.19929591659972523	0.08622355226943118
-1.3140665307031452	cosine	24.0	10.0	8.0	0.30263454002180495	0.019140153805216078
0.2142106279584122	cosine	24.0	12.0	2.0	0.2458918427695533	0.04615084821555857
1.157141794694446	cosine	24.0	10.0	8.0	0.22882123757746228	0.05861420943696903
-0.3839764038343913	cosine	24.0	0.0	2.0	0.28049054928850214	0.02741363646522646
0.4341100805735458	cosine	24.0	4.0	0.0	0.29101603518750224	0.023169067299739072
1.318333270100799	cosine	24.0	4.0	6.0	0.14024527464425107	0.16849709470074392
0.4973057817899469	cosine	24.0	16.0	12.0	0.2689135515023755	0.032811789040382046
0.28086044619990724	cosine	24.0	8.0	22.0	0.4469134319682559	0.0011082524137469671
0.9897842910999902	cosine	24.0	4.0	12.0	0.36930244871323964	0.005731632693820295
-1.627159586146905	cosine	24.0	10.0	14.0	0.20997359500870416	0.07529048637923798
1.488361383446444	cosine	24.0	14.0	16.0	0.33215986099954203	0.011483852877009561
-1.6289475745128226	cosine	24.0	18.0	2.0	0.30038443788030317	0.01987023624788583
0.2730506331147182	cosine	24.0	2.0	8.0	0.15103363851503282	0.15057309273890357
0.028313931760168144	cosine	24.0	14.0	12.0	0.3395411912439763	0.010049245916082774
-0.40696779571998076	cosine	24.0	0.0	18.0	0.4160694782625708	0.002196859342578618
-0.18187548222836503	cosine	24.0	4.0	22.0	0.16058821968029047	0.13579913304268626
1.4701446713225035	cosine	24.0	6.0	12.0	0.3897480286659777	0.0038127055583381552
-1.4424214664640371	cosine	24.0	22.0	2.0	0.5027937680511761	0.00028857245716387003
1.6367742635549039	cosine	24.0	2.0	4.0	0.29211214466158614	0.02276070879876716
-1.7981517562465308	cosine	24.0	18.0	16.0	0.3586693421794159	0.0070353044355588755
1.622874506669541	cosine	24.0	6.0	8.0	0.2731092190440679	0.030762062328506853
-0.700606306269807	cosine	24.0	14.0	16.0	0.32477853075510776	0.013093115992743426
0.17469360346828486	cosine	24.0	18.0	20.0	0.14420726128863112	0.16176125330350544
-0.27543068731204023	cosine	24.0	16.0	14.0	0.19191458635529096	0.09444831922890234
-0.33563028112574206	cosine	24.0	2.0	16.0	0.26057195278564604	0.03722162304887712
-1.0128654042712308	cosine	24.0	10.0	8.0	0.30263454002180495	0.019140153805216078
-1.1506502950431678	cosine	24.0	16.0	12.0	0.2983835297492112	0.020539183818460795
-0.43653157513284635	cosine	24.0	14.0	6.0	0.31079909050124127	0.016679520254869944
-0.3943925798112646	cosine	24.0	16.0	18.0	0.28471690049293835	0.0256371939762934
0.5313625121173723	cosine	24.0	14.0	16.0	0.26572788879963366	0.03444220575113408
0.3545364203880353	cosine	24.0	18.0	22.0	0.2541785623789577	0.040919829260890266
2.3667134135138643	cosine	24.0	22.0	0.0	0.2930579881759055	0.022413223470489428
-0.43650599828727504	cosine	24.0	2.0	4.0	0.10723104044539238	0.2314422767873972
-0.7993611837489395	cosine	24.0	18.0	16.0	0.3290883655048249	0.012131343131205926
0.4817758964337507	cosine	24.0	22.0	18.0	0.497305882915352	0.0003313493826877132
-1.6603338004850268	cosine	24.0	8.0	6.0	0.2066772468441595	0.07854663026645384
0.39277499628120305	cosine	24.0	4.0	6.0	0.2731092190440679	0.030762062328506853
-0.13387531795362403	cosine	24.0	12.0	0.0	0.28886033117174187	0.023990189143146694
1.2722515583370884	cosine	24.0	8.0	2.0	0.3867934644897182	0.004048549572026775
-0.4494515849404536	cosine	24.0	10.0	8.0	0.3838291727105819	0.00429821088254844
0.1752564711370337	cosine	24.0	2.0	0.0	0.16238926537755388	0.1331294177656946
-0.2058293906767181	cosine	24.0	2.0	10.0	0.2857315384715079	0.025225367793130095
0.20982933360048556	cosine	24.0	12.0	10.0	0.2509652283107651	0.042888118888463896
0.389290936935417	cosine	24.0	12.0	10.0	0.39859183319945046	0.003178592823322213
1.2832498621758754	cosine	24.0	20.0	22.0	0.26572788879963366	0.03444220575113408
-0.39963566186084754	cosine	24.0	8.0	6.0	0.2066772468441595	0.07854663026645384
0.4517050979709264	cosine	24.0	0.0	20.0	0.27840508876711023	0.028327345676766758
0.8256963134533704	cosine	24.0	6.0	2.0	0.3204860134343379	0.014115833190008366
1.5326860222996455	cosine	24.0	0.0	22.0	0.37364893492427953	0.005263710294693397
0.6514658774299157	cosine	24.0	4.0	2.0	0.29950738883023387	0.02016114215609676
0.29296971340840366	cosine	24.0	8.0	10.0	0.21405857708859377	0.07139933215686703
-0.18521087310675355	cosine	24.0	4.0	10.0	0.17648967335817856	0.11347537277868341
0.4820237340111614	cosine	24.0	4.0	2.0	0.1885787263005176	0.09834961988888624
-1.3183700640873406	cosine	24.0	8.0	10.0	0.2509652283107651	0.042888118888463896
-0.7693221640781351	cosine	24.0	4.0	2.0	0.22555494714375637	0.0612756889104502
0.3243559799597849	cosine	24.0	10.0	0.0	0.2532318977775997	0.04149193177995398
-0.8815169028411822	cosine	24.0	4.0	6.0	0.3100158702662392	0.016903200710028324
-0.6538455258963931	cosine	24.0	4.0	6.0	0.3100158702662392	0.016903200710028324
-1.3670504362314568	cosine	24.0	20.0	14.0	0.26057195278564604	0.03722162304887712
-0.2974338424150969	cosine	24.0	20.0	0.0	0.18316124260994093	0.1049347021149013
0.7538127099149773	cosine	24.0	22.0	2.0	0.2679120077936924	0.03331737652423981
0.3013691854674279	cosine	24.0	16.0	18.0	0.29211214466158614	0.02276070879876716
-0.6691424971538328	cosine	24.0	6.0	8.0	0.2952532097773707	0.02162395005989455
-0.6453935228482239	cosine	24.0	16.0	12.0	0.16576862763845066	0.12821813932553655
-0.23553629714754493	cosine	24.0	8.0	10.0	0.2878718795329364	0.024374796195956446
-0.01948243116572201	cosine	24.0	12.0	8.0	0.3173972005106735	0.014893695995628085
0.1965511480704345	cosine	24.0	20.0	0.0	0.35899603551548426	0.0069916470137857895
-0.2514588356567329	cosine	24.0	20.0	16.0	0.2794419828171161	0.027869928627522758
-0.2932611114807225	cosine	24.0	18.0	22.0	0.3352210025577558	0.010868624632020605
1.3322484887769017	cosine	24.0	12.0	14.0	0.3173972005106735	0.014893695995628085
0.04118988071974328	cosine	24.0	2.0	0.0	0.16238926537755388	0.1331294177656946
-0.9197226534603798	cosine	24.0	18.0	16.0	0.35127409801076814	0.008090044838256295
0.3519986756086933	cosine	24.0	18.0	22.0	0.24681106781724876	0.04554533424377086
-0.4694384211196844	cosine	24.0	2.0	0.0	0.32477853075510776	0.013093115992743426
0.450099426012842	cosine	24.0	2.0	4.0	0.22555494714375637	0.0612756889104502
0.34780601197322225	cosine	24.0	8.0	12.0	0.23620256782189655	0.052934139906380795
0.7851840568220597	cosine	24.0	4.0	2.0	0.3069026329988816	0.017817847893956983
-0.6768079160673725	cosine	24.0	0.0	18.0	0.31387697482965865	0.01582487125250307
0.6139483863544268	cosine	24.0	2.0	8.0	0.31311851887262904	0.016031910355278088
-1.2062027612649628	cosine	24.0	20.0	0.0	0.26375218935831496	0.03548639977917875
1.5941471700285141	cosine	24.0	4.0	2.0	0.1589977496259266	0.13818700065494172
-0.30521182030905675	cosine	24.0	16.0	18.0	0.10723104044539238	0.2314422767873972
0.24566709994138486	cosine	24.0	12.0	10.0	0.3100158702662392	0.016903200710028324
-0.5900309727940481	cosine	24.0	2.0	0.0	0.26572788879963366	0.03444220575113408
0.4879552835247945	cosine	24.0	20.0	14.0	0.2752520628017388	0.029756812538456148
-0.5629102528256462	cosine	24.0	22.0	20.0	0.26572788879963366	0.03444220575113408
1.120614004845124	cosine	24.0	22.0	20.0	0.2952532097773707	0.02162395005989455
-2.1907574045436258	cosine	24.0	14.0	16.0	0.3469225214884106	0.008773600268086433
-1.530519259962543	cosine	24.0	10.0	12.0	0.32477853075510776	0.013093115992743426
0.3102078676795212	cosine	24.0	2.0	0.0	0.2066772468441595	0.07854663026645384
-0.20995173417476357	cosine	24.0	0.0	20.0	0.1758347929055433	0.11433970056138665
0.7287052841058133	cosine	24.0	6.0	12.0	0.33091813754658483	0.011741909652740369
-0.8143951328264777	cosine	24.0	8.0	6.0	0.1550079351331196	0.14430254111594104
-1.12605475133011	cosine	24.0	2.0	4.0	0.2699264121556429	0.03230693818080994
1.7273169778612567	cosine	24.0	6.0	4.0	0.26572788879963366	0.03444220575113408
-1.4216560728401089	cosine	24.0	4.0	20.0	0.2522957322892429	0.04206404605218764
1.5844077433970494	cosine	24.0	4.0	6.0	0.22143990733302804	0.06476208627439409
0.9143357027030805	cosine	24.0	20.0	0.0	0.3296902366978937	0.01200202793833976
0.9109874789300029	cosine	24.0	8.0	10.0	0.6495570615102155	4.356376138426286e-06
0.9093133799021423	cosine	24.0	20.0	18.0	0.2625311679869951	0.03614461188618968
2.6390437706387817	cosine	24.0	4.0	2.0	0.14420726128863112	0.16176125330350544
0.6046179664931612	cosine	24.0	8.0	22.0	0.3296902366978937	0.01200202793833976
1.6707452009365533	cosine	24.0	14.0	18.0	0.24681106781724876	0.04554533424377086
-0.903749759753917	cosine	24.0	10.0	8.0	0.35430385173284484	0.007642194440630212
1.472722929316374	cosine	24.0	14.0	2.0	0.42049288714873817	0.001996585957609922
1.565202655213458	cosine	24.0	18.0	20.0	0.3808550746853591	0.004562440916140081
-1.12090573373448	cosine	24.0	20.0	18.0	0.3069026329988816	0.017817847893956983
-0.7269104723585073	cosine	24.0	4.0	6.0	0.26572788879963366	0.03444220575113408
-0.364105363319519	cosine	24.0	0.0	10.0	0.4073730529465734	0.002644516177854241
-1.156976388040313	cosine	24.0	4.0	18.0	0.1978141420187362	0.0878301350644845
-0.212749878617612	cosine	24.0	0.0	22.0	0.2124670414275315	0.07289658589843155
0.4184530697096798	cosine	24.0	4.0	6.0	0.3173972005106735	0.014893695995628085
0.23354531953520888	cosine	24.0	2.0	6.0	0.3941609590514271	0.003483349956988493
-1.201628101614267	cosine	24.0	2.0	0.0	0.46502380539935884	0.0007273798775274108
2.2517524857348596	cosine	24.0	0.0	18.0	0.30657751029873637	0.017915757292876724
-1.3064675825113135	cosine	24.0	6.0	18.0	0.34005076960724046	0.009956246028067745
0.42300779551051637	cosine	24.0	0.0	22.0	0.2490992899495197	0.04406574993045694
-0.12830324576990293	cosine	24.0	8.0	6.0	0.23620256782189655	0.052934139906380795
0.7246340965416757	cosine	24.0	22.0	2.0	0.23121173275346057	0.056724522828230005
-1.597134672015705	cosine	24.0	14.0	12.0	0.2878718795329364	0.024374796195956446
-0.639975430329419	cosine	24.0	4.0	2.0	0.40304080719130236	0.0028969453261565256
0.541145909281825	cosine	24.0	10.0	16.0	0.15442846418840625	0.1452056906890667
2.003717691621827	cosine	24.0	18.0	16.0	0.2699264121556429	0.03230693818080994
-1.4827227221287775	cosine	24.0	16.0	20.0	0.25002703725741965	0.04347701138065798
-0.2470057432853846	cosine	24.0	14.0	16.0	0.23620256782189655	0.052934139906380795
-0.23566288620593456	cosine	24.0	2.0	6.0	0.23944357325553983	0.05058223589567321
0.4328588578023871	cosine	24.0	6.0	8.0	0.2583465585551994	0.03847661585264555
0.4113362994597484	cosine	24.0	18.0	16.0	0.18118348213186988	0.10741654185240362
-0.313592911841027	cosine	24.0	12.0	14.0	0.23620256782189655	0.052934139906380795
-1.3271637892851211	cosine	24.0	10.0	12.0	0.2583465585551994	0.03847661585264555
-1.2965268196034034	cosine	24.0	16.0	14.0	0.2583465585551994	0.03847661585264555
-0.6597384013378371	cosine	24.0	2.0	0.0	0.4428798146660561	0.0012148494454507022
0.04644018886680695	cosine	24.0	12.0	14.0	0.3690665122217134	0.00575805764378841
1.4905540231982632	cosine	24.0	8.0	10.0	0.3100158702662392	0.016903200710028324
-0.38541075017076043	cosine	24.0	4.0	6.0	0.26572788879963366	0.03444220575113408
0.21831341243037727	cosine	24.0	0.0	12.0	0.22304405318324375	0.06338511299725048
0.4338700097418095	cosine	24.0	6.0	8.0	0.2878718795329364	0.024374796195956446
-0.040723685031317895	cosine	24.0	18.0	16.0	0.35127409801076814	0.008090044838256295
1.9050955617823238	cosine	24.0	22.0	0.0	0.13920254438355512	0.17029941465108106
1.1342407881480177	cosine	24.0	14.0	12.0	0.3173972005106735	0.014893695995628085
-0.31335979644187706	cosine	24.0	14.0	12.0	0.2583465585551994	0.03847661585264555
-0.6873083750858348	cosine	24.0	2.0	4.0	0.19597397046916537	0.08985625322931617
0.5013600198180311	cosine	24.0	2.0	0.0	0.26572788879963366	0.03444220575113408
2.8614817196296647	cosine	24.0	10.0	14.0	0.3573234862428825	0.0072177043070196685
-1.9893594868728803	cosine	24.0	16.0	10.0	0.25002703725741965	0.04347701138065798
-0.13690721149510224	cosine	24.0	6.0	12.0	0.36768681949620535	0.005914759289857825
0.4930287713037464	cosine	24.0	16.0	14.0	0.2066772468441595	0.07854663026645384
0.008470751810619737	cosine	24.0	14.0	10.0	0.37942596992800925	0.004694491835707916
-0.025474760448238532	cosine	24.0	0.0	2.0	0.2066772468441595	0.07854663026645384
0.6699995602484018	cosine	24.0	20.0	18.0	0.20336921463781313	0.08192052243423542
0.18734937612574315	cosine	24.0	16.0	14.0	0.19929591659972523	0.08622355226943118
-1.7375522140036155	cosine	24.0	4.0	6.0	0.2731092190440679	0.030762062328506853
1.186842467315901	cosine	24.0	2.0	4.0	0.2699264121556429	0.03230693818080994
0.6323897331416075	cosine	24.0	2.0	4.0	0.18118348213186988	0.10741654185240362
-0.4373617199416144	cosine	24.0	0.0	18.0	0.2773796521750472	0.02878583598282161
-0.4761220992564671	cosine	24.0	6.0	4.0	0.28049054928850214	0.02741363646522646
-0.4544215242530436	cosine	24.0	14.0	16.0	0.22882123757746228	0.05861420943696903
-0.18773486496880387	cosine	24.0	8.0	6.0	0.2509652283107651	0.042888118888463896
-1.9007708874426315	cosine	24.0	6.0	8.0	0.4724051356437931	0.0006101492706621064
1.0966660721087134	cosine	24.0	6.0	4.0	0.2731092190440679	0.030762062328506853
0.3229962438170991	cosine	24.0	8.0	6.0	0.3100158702662392	0.016903200710028324
-0.31747468809319024	cosine	24.0	8.0	10.0	0.2583465585551994	0.03847661585264555
1.0388438032673792	cosine	24.0	20.0	18.0	0.4769932488777799	0.0005463493182082269
0.7983084096244487	cosine	24.0	18.0	16.0	0.2773216563242906	0.02881195020498228
1.1416971848028514	cosine	24.0	2.0	0.0	0.19191458635529096	0.09444831922890234
1.1239910581022219	cosine	24.0	8.0	18.0	0.2564257396539173	0.03958738267049287
0.7118880726163673	cosine	24.0	20.0	22.0	0.33215986099954203	0.011483852877009561
1.4238987207947427	cosine	24.0	4.0	2.0	0.38825031885400685	0.003930673389220724
-0.8003387811456528	cosine	24.0	0.0	20.0	0.35899603551548426	0.0069916470137857895
-0.44682962173747803	cosine	24.0	8.0	18.0	0.32236378699349605	0.013660266883671912
-0.6064332226883495	cosine	24.0	0.0	6.0	0.48534660173499106	0.0004457694404340876
1.0025850181398088	cosine	24.0	22.0	0.0	0.3370166864022913	0.010521242945149252
-0.6756447720578654	cosine	24.0	6.0	20.0	0.21979349113192914	0.06619938366322035
0.14510116638760792	cosine	24.0	8.0	22.0	0.2564257396539173	0.03958738267049287
-0.25660540602748705	cosine	24.0	2.0	0.0	0.28049054928850214	0.02741363646522646
-0.7819174895309435	cosine	24.0	2.0	0.0	0.21405857708859377	0.07139933215686703
0.2852213221585709	cosine	24.0	2.0	0.0	0.1550079351331196	0.14430254111594104
0.48700443439412683	cosine	24.0	16.0	10.0	0.16913593696825446	0.12345096069325179
-0.5204681027564588	cosine	24.0	2.0	16.0	0.4147131079546198	0.0022618207224501226
0.8277410362125771	cosine	24.0	16.0	4.0	0.35467660916024	0.007588630934130401
-0.8948348903022882	cosine	24.0	22.0	20.0	0.23620256782189655	0.052934139906380795
0.48715834038255035	cosine	24.0	16.0	6.0	0.27107863906271257	0.03174043341798899
2.2975326650932884	cosine	24.0	16.0	18.0	0.19597397046916537	0.08985625322931617
-0.05791552956184746	cosine	24.0	4.0	10.0	0.5074078109047634	0.00025664674377543785
0.24072489441526781	cosine	24.0	2.0	0.0	0.30263454002180495	0.019140153805216078
0.1646043120984776	cosine	24.0	6.0	4.0	0.28049054928850214	0.02741363646522646
-0.5040315725861091	cosine	24.0	10.0	0.0	0.4807736030270371	0.0004984798211842407
1.3336771061303383	cosine	24.0	0.0	22.0	0.2857315384715079	0.025225367793130095
0.6224511389912623	cosine	24.0	22.0	18.0	0.24681106781724876	0.04554533424377086
1.133547727258106	cosine	24.0	2.0	4.0	0.3142978771675294	0.015710968084713377
0.571967088046384	cosine	24.0	6.0	8.0	0.22882123757746228	0.05861420943696903
-0.4475148720315638	cosine	24.0	0.0	18.0	0.3941710846698039	0.0034826245800760993
-0.286536920832909	cosine	24.0	16.0	14.0	0.26572788879963366	0.03444220575113408
-0.05108480797800844	cosine	24.0	18.0	16.0	0.17378823796322213	0.11707097859576515
-0.5587116463536627	cosine	24.0	0.0	20.0	0.31503733728909844	0.015512560718579184
-0.4310526274576537	cosine	24.0	2.0	22.0	0.29727222782587787	0.020918889760707993
-0.9244012392363333	cosine	24.0	22.0	20.0	0.28049054928850214	0.02741363646522646
-1.4050543120240269	cosine	24.0	14.0	16.0	0.19191458635529096	0.09444831922890234
-0.6434930898835248	cosine	24.0	2.0	0.0	0.2952532097773707	0.02162395005989455
0.531418903796429	cosine	24.0	6.0	2.0	0.3720584753663004	0.005430836150817805
1.9912246506540643	cosine	24.0	0.0	22.0	0.2564257396539173	0.03958738267049287
-1.2372190409051107	cosine	24.0	2.0	10.0	0.5494837278298228	8.43562751675068e-05
-0.09769092279107681	cosine	24.0	2.0	12.0	0.2899321728178315	0.023578911023083498
-1.5147205017040286	cosine	24.0	16.0	20.0	0.25002703725741965	0.04347701138065798
0.2513080678223446	cosine	24.0	6.0	8.0	0.2509652283107651	0.042888118888463896
-0.26728136295411287	cosine	24.0	8.0	10.0	0.23620256782189655	0.052934139906380795
0.2587388176214381	cosine	24.0	10.0	6.0	0.2983835297492112	0.020539183818460795
-1.0746439102580916	cosine	24.0	22.0	0.0	0.37364893492427953	0.005263710294693397
-0.2692112686381406	cosine	24.0	18.0	20.0	0.2551359238183474	0.04034778682105685
-0.03675433228502193	cosine	24.0	4.0	6.0	0.5166931171103988	0.00020212863780047692
-0.3769079683804678	cosine	24.0	18.0	16.0	0.29211214466158614	0.02276070879876716
1.2868324958846298	cosine	24.0	12.0	10.0	0.3395411912439763	0.010049245916082774
0.4429191692810702	cosine	24.0	0.0	22.0	0.22711994083632678	0.059988929747551704
0.8655766063566701	cosine	24.0	12.0	8.0	0.26572788879963366	0.03444220575113408
0.7895841362000348	cosine	24.0	0.0	22.0	0.30038443788030317	0.01987023624788583
-2.017166183940714	cosine	24.0	18.0	20.0	0.2551359238183474	0.04034778682105685
0.05280397266306244	cosine	24.0	14.0	12.0	0.14762660488868534	0.15609104027542364
1.1647851479961564	cosine	24.0	10.0	8.0	0.2952532097773707	0.02162395005989455
-0.7999167629086716	cosine	24.0	6.0	10.0	0.3867934644897182	0.004048549572026775
-0.6481314341005752	cosine	24.0	20.0	22.0	0.3100158702662392	0.016903200710028324
0.04974152595019578	cosine	24.0	2.0	0.0	0.23620256782189655	0.052934139906380795
-0.3479235241361416	cosine	24.0	14.0	12.0	0.2583465585551994	0.03847661585264555
-0.1931503649615662	cosine	24.0	8.0	4.0	0.497305882915352	0.0003313493826877132
-0.011742477034098498	cosine	24.0	22.0	16.0	0.2124670414275315	0.07289658589843155
1.1362919712552497	cosine	24.0	6.0	4.0	0.2066772468441595	0.07854663026645384
-1.934624930193661	cosine	24.0	20.0	0.0	0.09524384615716928	0.25718742495721997
-0.0721846555369261	cosine	24.0	0.0	22.0	0.3077108875847008	0.01757642110804049
-1.3998454703567587	cosine	24.0	12.0	14.0	0.22143990733302804	0.06476208627439409
0.22687760233140503	cosine	24.0	22.0	6.0	0.20110529385374434	0.08429170481567638
-0.4604003940695332	cosine	24.0	6.0	10.0	0.2689135515023755	0.032811789040382046
0.8197493730952045	cosine	24.0	22.0	0.0	0.30038443788030317	0.01987023624788583
0.25054549344648197	cosine	24.0	18.0	16.0	0.5435504463956096	9.91570138994628e-05
0.24760232557810838	cosine	24.0	20.0	22.0	0.32477853075510776	0.013093115992743426
-1.1661329848183373	cosine	24.0	10.0	6.0	0.36469098080459145	0.006268102368788777
-0.17317535140582044	cosine	24.0	18.0	12.0	0.4265167106155982	0.0017504949338750207
0.10397791002759156	cosine	24.0	12.0	16.0	0.3057510243109201	0.018166718113862217
-0.020731840999850547	cosine	24.0	0.0	18.0	0.34307483295334784	0.009419653955714239
-1.4499196176610807	cosine	24.0	22.0	8.0	0.37364893492427953	0.005263710294693397
1.2642833175833417	cosine	24.0	6.0	8.0	0.37644784246614765	0.004980681982243198
-0.6219454724549837	cosine	24.0	18.0	16.0	0.1885787263005176	0.09834961988888624
-0.9689733804287284	cosine	24.0	2.0	0.0	0.3173972005106735	0.014893695995628085
-0.840545052540691	cosine	24.0	4.0	22.0	0.29197858123689174	0.02281014142487492
0.4648019323355062	cosine	24.0	0.0	14.0	0.27107863906271257	0.03174043341798899
-0.6862613315305766	cosine	24.0	22.0	20.0	0.5757437590658728	4.04783031536081e-05
0.7553152978769166	cosine	24.0	16.0	8.0	0.31079909050124127	0.016679520254869944
1.7451264217413485	cosine	24.0	2.0	0.0	0.21405857708859377	0.07139933215686703
0.17234387705167267	cosine	24.0	4.0	8.0	0.32785350799604684	0.012400444227444124
-0.31519026125175303	cosine	24.0	10.0	12.0	0.2509652283107651	0.042888118888463896
-1.011570091414488	cosine	24.0	8.0	6.0	0.2583465585551994	0.03847661585264555
0.8460923606502848	cosine	24.0	16.0	18.0	0.22555494714375637	0.0612756889104502
0.4561627463151337	cosine	24.0	14.0	12.0	0.39859183319945046	0.003178592823322213
-1.1388389446696452	cosine	24.0	0.0	22.0	0.1758347929055433	0.11433970056138665
0.551184817480062	cosine	24.0	6.0	2.0	0.2983835297492112	0.020539183818460795
-0.14206627123997914	cosine	24.0	20.0	18.0	0.39564556302265463	0.003378433371147737
0.8829621044001273	cosine	24.0	12.0	16.0	0.19523860588528633	0.09067556890797257
-0.03382619566195421	cosine	24.0	22.0	0.0	0.13187609467915748	0.18330919691073255
0.023577790788916635	cosine	24.0	18.0	12.0	0.3382718739365089	0.01028420398543131
-1.0696782670020502	cosine	24.0	22.0	18.0	0.41626344273655386	0.002187709194618986
-0.5575745192623673	cosine	24.0	14.0	10.0	0.2689135515023755	0.032811789040382046
1.2116238988280843	cosine	24.0	16.0	14.0	0.11810128391094828	0.20939473758024713
1.6158190169535704	cosine	24.0	12.0	10.0	0.12548261415538256	0.19515484779068937
0.24745301445102869	cosine	24.0	16.0	18.0	0.3216931213361771	0.01382149916799702
-0.28964903296325667	cosine	24.0	6.0	4.0	0.11810128391094828	0.20939473758024713
-0.2056095409564015	cosine	24.0	12.0	14.0	0.2583465585551994	0.03847661585264555
0.4667740604725362	cosine	24.0	22.0	0.0	0.1538554437923504	0.1461025192525654
-0.5968478158119709	cosine	24.0	22.0	0.0	0.2124670414275315	0.07289658589843155
-0.3886635355434919	cosine	24.0	16.0	14.0	0.2509652283107651	0.042888118888463896
0.33665130465197995	cosine	24.0	6.0	4.0	0.3469225214884106	0.008773600268086433
-1.4992132633595736	cosine	24.0	14.0	16.0	0.3395411912439763	0.010049245916082774
0.8937130749528351	cosine	24.0	4.0	6.0	0.2952532097773707	0.02162395005989455
0.29442194902177077	cosine	24.0	2.0	4.0	0.20336921463781313	0.08192052243423542
1.1475475461193594	cosine	24.0	8.0	10.0	0.28049054928850214	0.02741363646522646
-0.21567257344603805	cosine	24.0	16.0	18.0	0.1885787263005176	0.09834961988888624
1.993610310650135	cosine	24.0	12.0	14.0	0.19929591659972523	0.08622355226943118
-0.7194915074011016	cosine	24.0	22.0	20.0	0.3690665122217134	0.00575805764378841
1.9130534258496674	cosine	24.0	10.0	12.0	0.30263454002180495	0.019140153805216078
0.9907518548836451	cosine	24.0	12.0	10.0	0.3838291727105819	0.00429821088254844
0.19626022353395436	cosine	24.0	8.0	10.0	0.22882123757746228	0.05861420943696903
0.7964875505796858	cosine	24.0	12.0	10.0	0.28049054928850214	0.02741363646522646
1.3174991589196332	cosine	24.0	4.0	2.0	0.2551359238183474	0.04034778682105685
-0.7461159469544412	cosine	24.0	10.0	16.0	0.29414945559696426	0.022017809811881017
0.22013469067855923	cosine	24.0	18.0	16.0	0.4252265396972456	0.0018007516288111659
-0.11690642229455803	cosine	24.0	12.0	10.0	0.26572788879963366	0.03444220575113408
0.16692529771842088	cosine	24.0	18.0	10.0	0.14652899408795275	0.15789673145623845
-0.2286262981037741	cosine	24.0	6.0	12.0	0.33091813754658483	0.011741909652740369
-1.3163342334815527	cosine	24.0	2.0	4.0	0.2773216563242906	0.02881195020498228
-0.27133318425147873	cosine	24.0	14.0	16.0	0.2878718795329364	0.024374796195956446
-0.1824446553728764	cosine	24.0	2.0	0.0	0.2952532097773707	0.02162395005989455
1.0461772489695966	cosine	24.0	16.0	18.0	0.21076445880646086	0.0745247925817003
2.1842008907249193	cosine	24.0	20.0	16.0	0.2794419828171161	0.027869928627522758
-0.14252965970620526	cosine	24.0	2.0	4.0	0.35127409801076814	0.008090044838256295
1.1023505396292548	cosine	24.0	4.0	6.0	0.32477853075510776	0.013093115992743426
0.4961080000952227	cosine	24.0	14.0	12.0	0.3469225214884106	0.008773600268086433
0.9850391602732842	cosine	24.0	2.0	18.0	0.3516695858110866	0.008030305253720312
-1.257656066777055	cosine	24.0	10.0	8.0	0.24358389806633082	0.04769966180633572
-0.9830155079816638	cosine	24.0	12.0	14.0	0.3173972005106735	0.014893695995628085
0.7027414179222251	cosine	24.0	14.0	18.0	0.12893115482990605	0.1887087499682683
0.47866483650086633	cosine	24.0	12.0	14.0	0.19929591659972523	0.08622355226943118
-0.5429449639623316	cosine	24.0	20.0	18.0	0.40304080719130236	0.0028969453261565256
-1.2034376209331576	cosine	24.0	20.0	22.0	0.30263454002180495	0.019140153805216078
0.6075307645739147	cosine	24.0	2.0	6.0	0.24681106781724876	0.04554533424377086
0.22748260791624444	cosine	24.0	14.0	16.0	0.3616851819772791	0.0066412775630506635
-0.7045090899930012	cosine	24.0	18.0	4.0	0.19048769231433857	0.09610287952344321
-0.03608738405281796	cosine	24.0	12.0	20.0	0.41760763315066535	0.0021252413268578177
0.2312970145206622	cosine	24.0	10.0	14.0	0.2541785623789577	0.040919829260890266
0.4452066717166786	cosine	24.0	2.0	18.0	0.3883018343330748	0.003926562060915238
1.698462794825228	cosine	24.0	20.0	22.0	0.23620256782189655	0.052934139906380795
-0.7973592668618736	cosine	24.0	6.0	10.0	0.5415108502856055	0.00010478526500334291
-0.3647879883803164	cosine	24.0	10.0	0.0	0.4514133829948516	0.0009994933486162745
1.0699269673094056	cosine	24.0	10.0	12.0	0.22882123757746228	0.05861420943696903
0.5041084631061981	cosine	24.0	20.0	22.0	0.14762660488868534	0.15609104027542364
0.11403461396540635	cosine	24.0	4.0	6.0	0.4502611449104903	0.0010263673653035312
0.4156364361119816	cosine	24.0	10.0	6.0	0.37942596992800925	0.004694491835707916
-1.0885487869651087	cosine	24.0	2.0	6.0	0.3204860134343379	0.014115833190008366
0.6575556460330964	cosine	24.0	8.0	10.0	0.24358389806633082	0.04769966180633572
-0.07093364102157229	cosine	24.0	10.0	12.0	0.21405857708859377	0.07139933215686703
0.47974279721611596	cosine	24.0	10.0	20.0	0.3370166864022913	0.010521242945149252
-0.9268182295080604	cosine	24.0	10.0	8.0	0.19191458635529096	0.09444831922890234
-0.3027148886136318	cosine	24.0	22.0	0.0	0.2490992899495197	0.04406574993045694
-0.8966053915714445	cosine	24.0	6.0	12.0	0.2206120916977232	0.06548169886148832
0.2060708552355167	cosine	24.0	18.0	20.0	0.3290883655048249	0.012131343131205926
-0.9102758465617438	cosine	24.0	16.0	14.0	0.14762660488868534	0.15609104027542364
-2.144869766364597	cosine	24.0	16.0	18.0	0.2699264121556429	0.03230693818080994
-1.9136842394268005	cosine	24.0	18.0	2.0	0.2564257396539173	0.03958738267049287
-1.4963744937735717	cosine	24.0	4.0	2.0	0.4769932488777799	0.0005463493182082269
1.469559808349916	cosine	24.0	4.0	8.0	0.3867934644897182	0.004048549572026775
0.9920541620483319	cosine	24.0	20.0	18.0	0.29950738883023387	0.02016114215609676
-0.6926276727722647	cosine	24.0	14.0	16.0	0.23620256782189655	0.052934139906380795
-0.7450300119376284	cosine	24.0	16.0	12.0	0.3204860134343379	0.014115833190008366
1.054285523408759	cosine	24.0	16.0	14.0	0.3100158702662392	0.016903200710028324
-0.47950523362548486	cosine	24.0	22.0	20.0	0.24358389806633082	0.04769966180633572
0.20618669271060092	cosine	24.0	12.0	20.0	0.31503733728909844	0.015512560718579184
1.642490886158157	cosine	24.0	10.0	12.0	0.22143990733302804	0.06476208627439409
0.6696120320225109	cosine	24.0	20.0	22.0	0.3469225214884106	0.008773600268086433
-0.7534798445215327	cosine	24.0	2.0	4.0	0.28471690049293835	0.0256371939762934
-0.7691323111491238	cosine	24.0	16.0	14.0	0.28049054928850214	0.02741363646522646
0.4780405842516758	cosine	24.0	16.0	14.0	0.39859183319945046	0.003178592823322213
0.0502263202885304	cosine	24.0	4.0	20.0	0.34736368938374024	0.008702066626578324
1.115496753737326	cosine	24.0	14.0	16.0	0.32477853075510776	0.013093115992743426
-1.0993362139503995	cosine	24.0	8.0	6.0	0.2066772468441595	0.07854663026645384
1.4822440927398963	cosine	24.0	4.0	6.0	0.2066772468441595	0.07854663026645384
-0.15199802267027746	cosine	24.0	4.0	0.0	0.5194083666004787	0.00018835979999821058
0.6395133982587302	cosine	24.0	22.0	18.0	0.28364854062579337	0.02607689362942387
0.2672553037691646	cosine	24.0	18.0	20.0	0.39564556302265463	0.003378433371147737
-1.6364978331043882	cosine	24.0	20.0	10.0	0.3296902366978937	0.01200202793833976
0.8491368900695425	cosine	24.0	2.0	0.0	0.2878718795329364	0.024374796195956446
-1.1399942826345493	cosine	24.0	22.0	20.0	0.30263454002180495	0.019140153805216078
-1.0184192216611383	cosine	24.0	6.0	2.0	0.20997359500870416	0.07529048637923798
-0.8431884386026459	cosine	24.0	2.0	8.0	0.3867934644897182	0.004048549572026775
-1.2492937062649396	cosine	24.0	4.0	8.0	0.36469098080459145	0.006268102368788777
0.050286348991783025	cosine	24.0	14.0	12.0	0.14024527464425107	0.16849709470074392
0.5746193116397632	cosine	24.0	6.0	20.0	0.41760763315066535	0.0021252413268578177
-0.022199610343167902	cosine	24.0	10.0	4.0	0.2794419828171161	0.027869928627522758
0.918351685794942	cosine	24.0	20.0	18.0	0.2551359238183474	0.04034778682105685
-0.6465151826270131	cosine	24.0	12.0	20.0	0.32236378699349605	0.013660266883671912
-0.47550453235284224	cosine	24.0	12.0	10.0	0.24358389806633082	0.04769966180633572
1.1724410667484773	cosine	24.0	6.0	8.0	0.22882123757746228	0.05861420943696903
-0.3926396107946253	cosine	24.0	6.0	8.0	0.30263454002180495	0.019140153805216078
-0.7648691198939611	cosine	24.0	6.0	22.0	0.2742344916187423	0.030230724316061157
-0.13942367047039703	cosine	24.0	10.0	0.0	0.2899321728178315	0.023578911023083498
-1.17130923903106	cosine	24.0	10.0	8.0	0.28049054928850214	0.02741363646522646
2.202998005520312	cosine	24.0	14.0	16.0	0.3469225214884106	0.008773600268086433
-1.0311027012731104	cosine	24.0	14.0	10.0	0.29101603518750224	0.023169067299739072
1.5506969575487481	cosine	24.0	18.0	14.0	0.31311851887262904	0.016031910355278088
0.017898543199215612	cosine	24.0	12.0	14.0	0.3100158702662392	0.016903200710028324
0.06680111747552364	cosine	24.0	4.0	6.0	0.32477853075510776	0.013093115992743426
1.1949800559234556	cosine	24.0	6.0	8.0	0.22143990733302804	0.06476208627439409
0.01254600796443814	cosine	24.0	10.0	18.0	0.21979349113192914	0.06619938366322035
1.268006148703893	cosine	24.0	14.0	16.0	0.3395411912439763	0.010049245916082774
1.1153875641601538	cosine	24.0	12.0	14.0	0.3616851819772791	0.0066412775630506635
0.2681405411137846	cosine	24.0	14.0	12.0	0.16238926537755388	0.1331294177656946
-0.1680195698520168	cosine	24.0	22.0	20.0	0.22143990733302804	0.06476208627439409
0.7470594001017834	cosine	24.0	22.0	16.0	0.16118189349674802	0.13491510064665357
1.8421810049692608	cosine	24.0	18.0	16.0	0.3660645863480636	0.006103836469221554
-0.33543499873907245	cosine	24.0	14.0	10.0	0.3720584753663004	0.005430836150817805
-0.5069372690246238	cosine	24.0	0.0	2.0	0.2509652283107651	0.042888118888463896
1.032105194324036	cosine	24.0	6.0	22.0	0.20841821363024415	0.0768138415244357
-0.036334089501407665	cosine	24.0	8.0	6.0	0.2509652283107651	0.042888118888463896
1.8940586227781964	cosine	24.0	10.0	6.0	0.24681106781724876	0.04554533424377086
-1.2683725288427496	cosine	24.0	14.0	16.0	0.26572788879963366	0.03444220575113408
-0.9762148973059904	cosine	24.0	0.0	18.0	0.18248661327305735	0.10577656874997582
0.12852044259401868	cosine	24.0	4.0	10.0	0.345625610326433	0.00898688283532294
0.18764517696958585	cosine	24.0	4.0	6.0	0.32477853075510776	0.013093115992743426
0.33318244077045645	cosine	24.0	20.0	18.0	0.17378823796322213	0.11707097859576515
-1.816247044373126	cosine	24.0	16.0	18.0	0.35127409801076814	0.008090044838256295
-2.054708692523377	cosine	24.0	4.0	6.0	0.3690665122217134	0.00575805764378841
-0.27455606691417717	cosine	24.0	0.0	6.0	0.3382718739365089	0.01028420398543131
0.5986467586603001	cosine	24.0	2.0	4.0	0.2773216563242906	0.02881195020498228
-0.3725377935328076	cosine	24.0	16.0	14.0	0.24358389806633082	0.04769966180633572
-0.2763861553691996	cosine	24.0	14.0	8.0	0.3162106647667366	0.015202154824326483
1.5231394317195717	cosine	24.0	16.0	14.0	0.1845332561108567	0.10323755908592297
0.06180951386984481	cosine	24.0	0.0	2.0	0.1550079351331196	0.14430254111594104
-0.2141461046144163	cosine	24.0	12.0	10.0	0.19191458635529096	0.09444831922890234
-1.9533157318883603	cosine	24.0	6.0	2.0	0.32785350799604684	0.012400444227444124
1.401507427483963	cosine	24.0	4.0	2.0	0.3216931213361771	0.01382149916799702
0.6856087138786864	cosine	24.0	2.0	0.0	0.3100158702662392	0.016903200710028324
-0.4501640973993211	cosine	24.0	12.0	6.0	0.1985508825279509	0.08702857063002639
-2.0058909727916614	cosine	24.0	8.0	10.0	0.3838291727105819	0.00429821088254844
-0.8600354913207041	cosine	24.0	8.0	10.0	0.24358389806633082	0.04769966180633572
2.840330612033981	cosine	24.0	20.0	10.0	0.344343136106689	0.009202243653261678
-0.31947175822231494	cosine	24.0	14.0	12.0	0.2509652283107651	0.042888118888463896
-0.4492949654596025	cosine	24.0	4.0	6.0	0.2066772468441595	0.07854663026645384
-1.354352052056654	cosine	24.0	0.0	6.0	0.3088569283768125	0.017238887161647665
0.44880159878495035	cosine	24.0	4.0	8.0	0.24681106781724876	0.04554533424377086
1.473319658484573	cosine	24.0	18.0	10.0	0.31503733728909844	0.015512560718579184
0.11034965264725442	cosine	24.0	20.0	22.0	0.1550079351331196	0.14430254111594104
-1.472488879991857	cosine	24.0	4.0	0.0	0.26154605694066657	0.03668290960514206
0.13414917443405913	cosine	24.0	0.0	2.0	0.2509652283107651	0.042888118888463896
1.4340780785600595	cosine	24.0	6.0	4.0	0.26572788879963366	0.03444220575113408
-0.4617467032972888	cosine	24.0	16.0	8.0	0.20110529385374434	0.08429170481567638
1.0663190349850034	cosine	24.0	2.0	4.0	0.40304080719130236	0.0028969453261565256
0.49692418359736934	cosine	24.0	18.0	14.0	0.3499559916811736	0.008291978169918663
1.3590513779331213	cosine	24.0	0.0	2.0	0.3100158702662392	0.016903200710028324
2.0885599889438553	cosine	24.0	22.0	20.0	0.19191458635529096	0.09444831922890234
-0.9299825247597677	cosine	24.0	18.0	0.0	0.2627807231132026	0.03600927829228812
1.5406019986148867	cosine	24.0	2.0	0.0	0.24358389806633082	0.04769966180633572
0.6607965185740393	cosine	24.0	16.0	14.0	0.22143990733302804	0.06476208627439409
0.10622379414061407	cosine	24.0	0.0	8.0	0.22711994083632678	0.059988929747551704
-1.2387233067959393	cosine	24.0	14.0	12.0	0.22882123757746228	0.05861420943696903
-0.3458071114229992	cosine	24.0	0.0	20.0	0.2124670414275315	0.07289658589843155
1.435314966829654	cosine	24.0	10.0	12.0	0.2878718795329364	0.024374796195956446
-0.48627112897647473	cosine	24.0	12.0	6.0	0.47799286534506696	0.0005332941435529806
0.4814473678635141	cosine	24.0	20.0	14.0	0.3559926678902488	0.0074021542409467705
2.6152363471994846	cosine	24.0	8.0	0.0	0.27107863906271257	0.03174043341798899
-1.3494627916717732	cosine	24.0	22.0	0.0	0.3370166864022913	0.010521242945149252
-0.1359895658554413	cosine	24.0	22.0	2.0	0.4293932179707125	0.0016430090548121858
-2.546587538869216	cosine	24.0	4.0	6.0	0.2952532097773707	0.02162395005989455
1.590671240119165	cosine	24.0	6.0	8.0	0.22143990733302804	0.06476208627439409
-0.12542273607800009	cosine	24.0	0.0	22.0	0.3077108875847008	0.01757642110804049
1.3967637417291439	cosine	24.0	14.0	12.0	0.2583465585551994	0.03847661585264555
-1.0886620001318428	cosine	24.0	6.0	4.0	0.23620256782189655	0.052934139906380795
-1.5598744384925365	cosine	24.0	0.0	22.0	0.27107863906271257	0.03174043341798899
-1.7352764927651834	cosine	24.0	12.0	16.0	0.2173410895704131	0.0683859475317161
2.3306358176685893	cosine	24.0	16.0	18.0	0.2699264121556429	0.03230693818080994
-0.6300335367573293	cosine	24.0	8.0	10.0	0.4207358239327533	0.0019860827842088013
0.17966824048439325	cosine	24.0	10.0	12.0	0.413354493688319	0.00232862927072122
1.0970453462335341	cosine	24.0	18.0	22.0	0.27628104606408443	0.02928387041000692
0.9751566048126539	cosine	24.0	10.0	8.0	0.21405857708859377	0.07139933215686703
0.8174118489241298	cosine	24.0	14.0	12.0	0.2583465585551994	0.03847661585264555
-0.510128002617697	cosine	24.0	18.0	22.0	0.3720584753663004	0.005430836150817805
-2.201542415243224	cosine	24.0	0.0	22.0	0.19048769231433857	0.09610287952344321
-1.9338809142063735	cosine	24.0	4.0	2.0	0.2625311679869951	0.03614461188618968
1.6232360384838256	cosine	24.0	22.0	6.0	0.5301866837962351	0.00014189408293859492
-0.6919902157797485	cosine	24.0	20.0	16.0	0.13236725501863392	0.18241811859720203
0.5908130278269333	cosine	24.0	0.0	2.0	0.16238926537755388	0.1331294177656946
0.8356653263993147	cosine	24.0	22.0	14.0	0.19451145771322875	0.09149116941576257
0.5283658565104451	cosine	24.0	2.0	4.0	0.3586693421794159	0.0070353044355588755
-0.09619726701085443	cosine	24.0	8.0	12.0	0.23620256782189655	0.052934139906380795
-0.5325284750855045	cosine	24.0	8.0	20.0	0.2522957322892429	0.04206404605218764
0.6217260514887396	cosine	24.0	18.0	20.0	0.22555494714375637	0.0612756889104502
-0.1013378783527378	cosine	24.0	14.0	16.0	0.3100158702662392	0.016903200710028324
0.8400346035047045	cosine	24.0	2.0	0.0	0.23620256782189655	0.052934139906380795
-0.9099142559347688	cosine	24.0	6.0	4.0	0.30263454002180495	0.019140153805216078
-0.083914129778497	cosine	24.0	0.0	2.0	0.40597316344388473	0.002723822944538488
-2.1449385250296564	cosine	24.0	0.0	2.0	0.35430385173284484	0.007642194440630212
-1.0409272739627533	cosine	24.0	18.0	20.0	0.29211214466158614	0.02276070879876716
0.3132030089812283	cosine	24.0	6.0	2.0	0.26154605694066657	0.03668290960514206
0.2895170730714001	cosine	24.0	4.0	6.0	0.46502380539935884	0.0007273798775274108
-0.1335498435733105	cosine	24.0	8.0	10.0	0.19929591659972523	0.08622355226943118
1.0096380764118598	cosine	24.0	0.0	16.0	0.39124120804273904	0.0036982638240428646
-0.766882932382478	cosine	24.0	2.0	0.0	0.4797864658882274	0.0005105902815141257
1.473368842520421	cosine	24.0	4.0	2.0	0.2699264121556429	0.03230693818080994
0.2678450895679754	cosine	24.0	22.0	20.0	0.3469225214884106	0.008773600268086433
-0.9586641620825421	cosine	24.0	2.0	4.0	0.2699264121556429	0.03230693818080994
-1.4204573108630278	cosine	24.0	12.0	10.0	0.3690665122217134	0.00575805764378841
0.3478383977240114	cosine	24.0	10.0	12.0	0.2066772468441595	0.07854663026645384
1.2153450537579227	cosine	24.0	6.0	8.0	0.2878718795329364	0.024374796195956446
1.515269187847694	cosine	24.0	0.0	22.0	0.21979349113192914	0.06619938366322035
2.3287638485158397	cosine	24.0	16.0	22.0	0.26375218935831496	0.03548639977917875
1.6790487419296831	cosine	24.0	4.0	18.0	0.4469134319682559	0.0011082524137469671
0.3515918250226094	cosine	24.0	8.0	6.0	0.16977059562198815	0.12256654833167985
0.18657002734869588	cosine	24.0	6.0	10.0	0.18787111132357742	0.09919213877373323
0.7128101154861638	cosine	24.0	0.0	14.0	0.3956282840374724	0.003379637955668793
0.31112260314730883	cosine	24.0	0.0	22.0	0.3370166864022913	0.010521242945149252
1.6323437017702083	cosine	24.0	8.0	12.0	0.3395411912439763	0.010049245916082774
0.49721101069946705	cosine	24.0	8.0	6.0	0.24358389806633082	0.04769966180633572
-0.010018400922916566	cosine	24.0	10.0	8.0	0.21405857708859377	0.07139933215686703
-0.5228935548644065	cosine	24.0	8.0	10.0	0.14762660488868534	0.15609104027542364
0.39486383719164614	cosine	24.0	20.0	8.0	0.28886033117174187	0.023990189143146694
1.4452494361245674	cosine	24.0	2.0	0.0	0.16238926537755388	0.1331294177656946
0.7892441445582673	cosine	24.0	16.0	14.0	0.35430385173284484	0.007642194440630212
-0.3481165184400455	cosine	24.0	10.0	8.0	0.16977059562198815	0.12256654833167985
0.02689267768072299	cosine	24.0	8.0	10.0	0.23620256782189655	0.052934139906380795
-1.2727853192783278	cosine	24.0	8.0	6.0	0.3616851819772791	0.0066412775630506635
0.9382175331694617	cosine	24.0	20.0	18.0	0.24034543548105186	0.04994280222373064
-1.9791968139324223	cosine	24.0	22.0	0.0	0.2857315384715079	0.025225367793130095
-0.6342933918861176	cosine	24.0	14.0	12.0	0.23620256782189655	0.052934139906380795
1.6631594815768793	cosine	24.0	16.0	14.0	0.2952532097773707	0.02162395005989455
-0.4777296119053259	cosine	24.0	4.0	2.0	0.19597397046916537	0.08985625322931617
0.7347502977513634	cosine	24.0	8.0	22.0	0.4469134319682559	0.0011082524137469671
0.9387040648855912	cosine	24.0	0.0	22.0	0.13187609467915748	0.18330919691073255
0.9544824597998295	cosine	24.0	4.0	6.0	0.2731092190440679	0.030762062328506853
0.8441385613492447	cosine	24.0	20.0	14.0	0.17249129268908964	0.11882559898325235
0.5152639082375083	cosine	24.0	6.0	4.0	0.22143990733302804	0.06476208627439409
0.7342532625091808	cosine	24.0	14.0	16.0	0.19929591659972523	0.08622355226943118
-1.1948455804491627	cosine	24.0	14.0	16.0	0.3173972005106735	0.014893695995628085
0.11286792362780783	cosine	24.0	0.0	2.0	0.26572788879963366	0.03444220575113408
-0.3760205158805926	cosine	24.0	16.0	0.0	0.35467660916024	0.007588630934130401
-0.9975037677699817	cosine	24.0	10.0	8.0	0.3100158702662392	0.016903200710028324
-0.8911934851682575	cosine	24.0	14.0	12.0	0.19929591659972523	0.08622355226943118
2.05910824980416	cosine	24.0	14.0	12.0	0.22882123757746228	0.05861420943696903
-0.6319024878872159	cosine	24.0	10.0	12.0	0.28049054928850214	0.02741363646522646
1.9930949945494492	cosine	24.0	2.0	0.0	0.21405857708859377	0.07139933215686703
-0.9754643300329444	cosine	24.0	0.0	12.0	0.3034861707247415	0.018869840911642614
0.36145218301652604	cosine	24.0	0.0	22.0	0.4029547337418701	0.0029021736212107687
0.0003462708189869121	cosine	24.0	14.0	16.0	0.21405857708859377	0.07139933215686703
0.3242021161127107	cosine	24.0	6.0	2.0	0.29101603518750224	0.023169067299739072
-0.4684786139596543	cosine	24.0	8.0	22.0	0.21979349113192914	0.06619938366322035
-0.2570021420742107	cosine	24.0	8.0	6.0	0.14762660488868534	0.15609104027542364
0.9324975092883677	cosine	24.0	0.0	22.0	0.1538554437923504	0.1461025192525654
-0.4986023755200629	cosine	24.0	2.0	4.0	0.10723104044539238	0.2314422767873972
0.44368163181357695	cosine	24.0	20.0	6.0	0.2564257396539173	0.03958738267049287
-0.11956402139431876	cosine	24.0	12.0	14.0	0.2952532097773707	0.02162395005989455
1.0021547104275295	cosine	24.0	10.0	8.0	0.3838291727105819	0.00429821088254844
0.04557978739059915	cosine	24.0	2.0	22.0	0.2752520628017388	0.029756812538456148
-0.7640344915152609	cosine	24.0	0.0	22.0	0.2930579881759055	0.022413223470489428
0.6273822426554715	cosine	24.0	4.0	0.0	0.3057510243109201	0.018166718113862217
0.6092593034934026	cosine	24.0	4.0	12.0	0.3327378498307407	0.011365424119290006
-1.3267292598716933	cosine	24.0	10.0	8.0	0.24358389806633082	0.04769966180633572
-1.3755820950025013	cosine	24.0	8.0	22.0	0.2930579881759055	0.022413223470489428
0.5455984326910797	cosine	24.0	4.0	6.0	0.22143990733302804	0.06476208627439409
-0.09117946230542368	cosine	24.0	12.0	14.0	0.2066772468441595	0.07854663026645384
0.8025581104272814	cosine	24.0	10.0	12.0	0.23620256782189655	0.052934139906380795
-0.1556476570593614	cosine	24.0	16.0	22.0	0.36632248521988187	0.006073423898817913
1.4140365310860883	cosine	24.0	6.0	12.0	0.40445550144582587	0.0028122218604653615
0.7374099260611763	cosine	24.0	4.0	6.0	0.2952532097773707	0.02162395005989455
0.9034343286582702	cosine	24.0	22.0	20.0	0.1845332561108567	0.10323755908592297
0.39357620253077097	cosine	24.0	16.0	14.0	0.33215986099954203	0.011483852877009561
-1.168462318462696	cosine	24.0	18.0	16.0	0.29950738883023387	0.02016114215609676
-0.4916540816274735	cosine	24.0	8.0	6.0	0.2509652283107651	0.042888118888463896
0.14416441510696887	cosine	24.0	22.0	0.0	0.35899603551548426	0.0069916470137857895
-0.3895208352847829	cosine	24.0	18.0	22.0	0.16576862763845066	0.12821813932553655
-0.5186528313012968	cosine	24.0	14.0	16.0	0.3616851819772791	0.0066412775630506635
1.3004843293308623	cosine	24.0	2.0	16.0	0.23855178776150696	0.051220920739073736
1.6304972244550786	cosine	24.0	8.0	12.0	0.2731092190440679	0.030762062328506853
1.0203083575701521	cosine	24.0	16.0	14.0	0.3173972005106735	0.014893695995628085
0.2785418307369242	cosine	24.0	16.0	18.0	0.3216931213361771	0.01382149916799702
0.5224285246105341	cosine	24.0	22.0	18.0	0.24681106781724876	0.04554533424377086
1.9820348966126724	cosine	24.0	8.0	10.0	0.2952532097773707	0.02162395005989455
-0.9174459446307486	cosine	24.0	20.0	18.0	0.29211214466158614	0.02276070879876716
0.38065654527142667	cosine	24.0	18.0	16.0	0.3586693421794159	0.0070353044355588755
-0.12954073622624607	cosine	24.0	10.0	6.0	0.31311851887262904	0.016031910355278088
0.9619308461718039	cosine	24.0	14.0	12.0	0.33215986099954203	0.011483852877009561
-0.9439463575919331	cosine	24.0	8.0	10.0	0.28049054928850214	0.02741363646522646
1.1019942800255715	cosine	24.0	8.0	14.0	0.4338704470055223	0.0014876246619668022
-0.26510079566631833	cosine	24.0	18.0	20.0	0.19597397046916537	0.08985625322931617
-0.7450023806336088	cosine	24.0	20.0	16.0	0.2132583553077991	0.07214917198900778
-0.45095891784511194	cosine	24.0	20.0	22.0	0.40597316344388473	0.002723822944538488
-1.49324540188151	cosine	24.0	12.0	10.0	0.26572788879963366	0.03444220575113408
0.5747213439872721	cosine	24.0	0.0	8.0	0.3883018343330748	0.003926562060915238
-1.2854398497065662	cosine	24.0	16.0	8.0	0.2815474113952421	0.026960055111695882
-0.6459118467234496	cosine	24.0	6.0	10.0	0.24681106781724876	0.04554533424377086
-0.46981279039986634	cosine	24.0	10.0	16.0	0.5294690200745357	0.00014461894375584428
0.20952985300128568	cosine	24.0	8.0	12.0	0.22882123757746228	0.05861420943696903
-1.2475969777367537	cosine	24.0	22.0	20.0	0.21405857708859377	0.07139933215686703
-1.4538820067610876	cosine	24.0	10.0	14.0	0.23207607869383093	0.05605319139859437
0.7414016686472202	cosine	24.0	14.0	18.0	0.36469098080459145	0.006268102368788777
0.22643011486475148	cosine	24.0	0.0	22.0	0.424934082855063	0.0018123247756937882
0.6550732121894054	cosine	24.0	10.0	8.0	0.16977059562198815	0.12256654833167985
-0.6852234837450507	cosine	24.0	12.0	8.0	0.22143990733302804	0.06476208627439409
1.0555517228546085	cosine	24.0	12.0	10.0	0.22882123757746228	0.05861420943696903
-0.272223241453756	cosine	24.0	18.0	16.0	0.22555494714375637	0.0612756889104502
-0.19430807865546426	cosine	24.0	8.0	10.0	0.16238926537755388	0.1331294177656946
-0.4201204415046797	cosine	24.0	10.0	12.0	0.17715192586642242	0.11260606365924808
0.7142701913344206	cosine	24.0	6.0	2.0	0.4309984318599717	0.0015856751406824532
-0.45751106437781125	cosine	24.0	2.0	0.0	0.22143990733302804	0.06476208627439409
0.8958443804896246	cosine	24.0	4.0	2.0	0.24034543548105186	0.04994280222373064
1.6812964514876232	cosine	24.0	18.0	22.0	0.26154605694066657	0.03668290960514206
-1.371519159789236	cosine	24.0	4.0	14.0	0.424934082855063	0.0018123247756937882
0.0890310591177999	cosine	24.0	2.0	0.0	0.16238926537755388	0.1331294177656946
0.42159093625235994	cosine	24.0	12.0	14.0	0.3100158702662392	0.016903200710028324
-1.6299948369816728	cosine	24.0	0.0	2.0	0.26572788879963366	0.03444220575113408
-0.7434963022148195	cosine	24.0	10.0	12.0	0.2952532097773707	0.02162395005989455
-1.582251148054503	cosine	24.0	2.0	6.0	0.31311851887262904	0.016031910355278088
-1.2981208622494014	cosine	24.0	6.0	4.0	0.22882123757746228	0.05861420943696903
0.9682611779850909	cosine	24.0	6.0	14.0	0.2961732509482417	0.02130021087103255
-0.8659913510572423	cosine	24.0	14.0	4.0	0.2564257396539173	0.03958738267049287
0.2092867563907501	cosine	24.0	8.0	18.0	0.21979349113192914	0.06619938366322035
0.2985235674910979	cosine	24.0	12.0	14.0	0.24358389806633082	0.04769966180633572
0.8650750089458803	cosine	24.0	20.0	18.0	0.23295019131240413	0.055380662873957556
-1.8111789129870601	cosine	24.0	0.0	2.0	0.32477853075510776	0.013093115992743426
0.2878544028325989	cosine	24.0	16.0	4.0	0.5594383629022343	6.409156390952915e-05
-0.49602501679315786	cosine	24.0	12.0	14.0	0.40597316344388473	0.002723822944538488
0.7329208698823126	cosine	24.0	20.0	0.0	0.23444639054072441	0.05424431461757581
1.1587702827943813	cosine	24.0	0.0	6.0	0.2794419828171161	0.027869928627522758
0.10454427682755392	cosine	24.0	14.0	16.0	0.2509652283107651	0.042888118888463896
-1.049488476183758	cosine	24.0	10.0	12.0	0.3469225214884106	0.008773600268086433
-0.3249096054477577	cosine	24.0	6.0	8.0	0.2066772468441595	0.07854663026645384
0.6796201699351303	cosine	24.0	0.0	2.0	0.23620256782189655	0.052934139906380795
-0.4293452469124125	cosine	24.0	4.0	2.0	0.22555494714375637	0.0612756889104502
-0.8310025883684298	cosine	24.0	10.0	8.0	0.1845332561108567	0.10323755908592297
-0.8390644292689989	cosine	24.0	12.0	18.0	0.28679571920704017	0.024799403568754007
1.683977923427806	cosine	24.0	10.0	8.0	0.23620256782189655	0.052934139906380795
-0.4766899976699155	cosine	24.0	4.0	6.0	0.14024527464425107	0.16849709470074392
-0.6058303446306588	cosine	24.0	8.0	12.0	0.23620256782189655	0.052934139906380795
-2.1732838343040144	cosine	24.0	8.0	12.0	0.19191458635529096	0.09444831922890234
0.016623227467641548	cosine	24.0	20.0	8.0	0.3034861707247415	0.018869840911642614
0.7925946594255838	cosine	24.0	2.0	4.0	0.1589977496259266	0.13818700065494172
0.0548708984023444	cosine	24.0	8.0	22.0	0.1538554437923504	0.1461025192525654
0.014816268202585357	cosine	24.0	18.0	22.0	0.3057510243109201	0.018166718113862217
0.44006231651972716	cosine	24.0	8.0	4.0	0.40152845361313605	0.0029900564410862453
-0.05772764297159806	cosine	24.0	22.0	20.0	0.39859183319945046	0.003178592823322213
0.7926550787751683	cosine	24.0	22.0	2.0	0.17983134769713602	0.1091374763504191
-0.14705548668875476	cosine	24.0	16.0	18.0	0.16639299379457437	0.12732468937632635
0.15960024546252394	cosine	24.0	10.0	8.0	0.19929591659972523	0.08622355226943118
0.1183764867457777	cosine	24.0	4.0	6.0	0.24358389806633082	0.04769966180633572
-1.4697996760099579	cosine	24.0	20.0	12.0	0.38097538462867714	0.004551476929324292
1.6720514671180526	cosine	24.0	0.0	18.0	0.3576737620151924	0.007169835382404369
-2.959022609738059	cosine	24.0	20.0	16.0	0.29414945559696426	0.022017809811881017
-0.8200439662563963	cosine	24.0	16.0	18.0	0.24034543548105186	0.04994280222373064
-1.1287409903164676	cosine	24.0	0.0	2.0	0.24358389806633082	0.04769966180633572
0.1163859147718507	cosine	24.0	14.0	6.0	0.3034861707247415	0.018869840911642614
0.3002417119466043	cosine	24.0	4.0	2.0	0.3290883655048249	0.012131343131205926
-1.127319332155525	cosine	24.0	0.0	22.0	0.31503733728909844	0.015512560718579184
-1.086776703360306	cosine	24.0	0.0	22.0	0.27107863906271257	0.03174043341798899
0.32231079806519713	cosine	24.0	8.0	10.0	0.24358389806633082	0.04769966180633572
1.1847356743953295	cosine	24.0	22.0	0.0	0.5641366272386181	5.621106408575748e-05
-1.3415196113830714	cosine	24.0	22.0	2.0	0.26057195278564604	0.03722162304887712
0.8610026927757011	cosine	24.0	2.0	8.0	0.44573342098338953	0.001138513936955571
0.6215146756777451	cosine	24.0	0.0	22.0	0.27107863906271257	0.03174043341798899
0.9170543763438597	cosine	24.0	18.0	20.0	0.1885787263005176	0.09834961988888624
0.9820623714249092	cosine	24.0	20.0	8.0	0.2961732509482417	0.02130021087103255
0.5851994280234791	cosine	24.0	10.0	8.0	0.30263454002180495	0.019140153805216078
2.1711107219362553	cosine	24.0	14.0	16.0	0.5609810985770043	6.13957271428162e-05
0.1269335744197113	cosine	24.0	8.0	14.0	0.4412241833954464	0.001261257819012709
-0.04236596609524724	cosine	24.0	14.0	8.0	0.4338704470055223	0.0014876246619668022
-0.1454462148689403	cosine	24.0	6.0	22.0	0.34736368938374024	0.008702066626578324
1.109241046196374	cosine	24.0	6.0	8.0	0.19929591659972523	0.08622355226943118
1.2302229644111096	cosine	24.0	4.0	20.0	0.31079909050124127	0.016679520254869944
-0.06338376812343048	cosine	24.0	22.0	20.0	0.22143990733302804	0.06476208627439409
0.14904382880156547	cosine	24.0	12.0	16.0	0.41626344273655386	0.002187709194618986
0.8257345318846532	cosine	24.0	14.0	12.0	0.24358389806633082	0.04769966180633572
0.12004212194999246	cosine	24.0	22.0	14.0	0.2091915677293215	0.0760535074706188
0.4800440192263733	cosine	24.0	10.0	8.0	0.1845332561108567	0.10323755908592297
-0.04912629580636999	cosine	24.0	14.0	12.0	0.2066772468441595	0.07854663026645384
1.9459809254063454	cosine	24.0	2.0	6.0	0.2983835297492112	0.020539183818460795
0.7117544108964244	cosine	24.0	0.0	10.0	0.37067277790634157	0.005580272880207826
-0.5204477643753447	cosine	24.0	14.0	12.0	0.3173972005106735	0.014893695995628085
0.6482815277625655	cosine	24.0	14.0	10.0	0.1805036167618685	0.10827938255929248
0.6841567102739391	cosine	24.0	18.0	10.0	0.3883018343330748	0.003926562060915238
0.24971341266062472	cosine	24.0	2.0	12.0	0.3413125578741561	0.009729191976092375
-1.0237499131451395	cosine	24.0	10.0	12.0	0.2952532097773707	0.02162395005989455
-0.10370782570494608	cosine	24.0	18.0	16.0	0.4104360513599501	0.0024782190637700975
0.7534561091954919	cosine	24.0	18.0	16.0	0.4695980047091321	0.0006525066655595678
-0.3651734574959379	cosine	24.0	14.0	10.0	0.3352210025577558	0.010868624632020605
0.8591760337269418	cosine	24.0	6.0	8.0	0.19929591659972523	0.08622355226943118
-0.630402141302767	cosine	24.0	20.0	22.0	0.28049054928850214	0.02741363646522646
0.5543067050938454	cosine	24.0	4.0	2.0	0.40304080719130236	0.0028969453261565256
1.01126587977597	cosine	24.0	18.0	16.0	0.2551359238183474	0.04034778682105685
-0.2927172520693568	cosine	24.0	4.0	0.0	0.48257089379193413	0.00047711050412939485
0.5678039796539964	cosine	24.0	6.0	4.0	0.2509652283107651	0.042888118888463896
0.3218344443629261	cosine	24.0	18.0	16.0	0.3069026329988816	0.017817847893956983
0.9327493320246946	cosine	24.0	10.0	4.0	0.33091813754658483	0.011741909652740369
-0.2058510868546361	cosine	24.0	14.0	12.0	0.2066772468441595	0.07854663026645384
0.645031074761216	cosine	24.0	18.0	20.0	0.2699264121556429	0.03230693818080994
-1.0730480049662496	cosine	24.0	14.0	10.0	0.3499559916811736	0.008291978169918663
-1.3646221550146032	cosine	24.0	6.0	8.0	0.32477853075510776	0.013093115992743426
-1.1611789352812554	cosine	24.0	16.0	18.0	0.2551359238183474	0.04034778682105685
2.58500270628805	cosine	24.0	16.0	14.0	0.33215986099954203	0.011483852877009561
1.0789528257265433	cosine	24.0	14.0	16.0	0.2731092190440679	0.030762062328506853
0.6082450952322912	cosine	24.0	14.0	12.0	0.3690665122217134	0.00575805764378841
0.5377711453017996	cosine	24.0	12.0	14.0	0.2509652283107651	0.042888118888463896
-0.14083988788239463	cosine	24.0	10.0	16.0	0.20590461891787498	0.07932505515945215
-0.256678955877107	cosine	24.0	6.0	4.0	0.1845332561108567	0.10323755908592297
1.8609409823810508	cosine	24.0	2.0	4.0	0.14420726128863112	0.16176125330350544
-0.7190973278000877	cosine	24.0	4.0	8.0	0.2689135515023755	0.032811789040382046
0.2690395166451187	cosine	24.0	10.0	6.0	0.2173410895704131	0.0683859475317161
-2.4589052631463995	cosine	24.0	18.0	2.0	0.37364893492427953	0.005263710294693397
-1.6592825473471153	cosine	24.0	4.0	6.0	0.1845332561108567	0.10323755908592297
-0.2200388209534109	cosine	24.0	16.0	14.0	0.2878718795329364	0.024374796195956446
1.1630629059179987	cosine	24.0	10.0	12.0	0.30263454002180495	0.019140153805216078
-0.721238606787697	cosine	24.0	2.0	20.0	0.23035697295974353	0.057394621413808494
-0.2762142252999795	cosine	24.0	10.0	12.0	0.4207358239327533	0.0019860827842088013
-0.4469333850735289	cosine	24.0	14.0	4.0	0.27840508876711023	0.028327345676766758
-0.10949251485235405	cosine	24.0	16.0	18.0	0.28471690049293835	0.0256371939762934
-0.6828072857129576	cosine	24.0	12.0	6.0	0.3897480286659777	0.0038127055583381552
-0.8180550662780781	cosine	24.0	2.0	6.0	0.28364854062579337	0.02607689362942387
1.6505574231760782	cosine	24.0	18.0	14.0	0.3204860134343379	0.014115833190008366
-0.12919842793011144	cosine	24.0	20.0	18.0	0.1885787263005176	0.09834961988888624
0.24454611047731678	cosine	24.0	22.0	20.0	0.4207358239327533	0.0019860827842088013
1.0145801094449292	cosine	24.0	8.0	10.0	0.14762660488868534	0.15609104027542364
-0.2716384083610949	cosine	24.0	8.0	2.0	0.224708584132122	0.06198051021301793
-0.09154649539128408	cosine	24.0	10.0	8.0	0.16977059562198815	0.12256654833167985
-0.9774894889665696	cosine	24.0	12.0	14.0	0.26572788879963366	0.03444220575113408
0.7418394466627038	cosine	24.0	16.0	14.0	0.46502380539935884	0.0007273798775274108
0.33848504255306305	cosine	24.0	20.0	18.0	0.19597397046916537	0.08985625322931617
-1.0387622734668955	cosine	24.0	0.0	10.0	0.5248139330753153	0.00016351904726201873
-0.24952640522419534	cosine	24.0	6.0	4.0	0.23620256782189655	0.052934139906380795
-0.569281068969722	cosine	24.0	6.0	8.0	0.33215986099954203	0.011483852877009561
-0.03692720827953287	cosine	24.0	14.0	12.0	0.30263454002180495	0.019140153805216078
-0.08053417544678301	cosine	24.0	12.0	14.0	0.19191458635529096	0.09444831922890234
-0.45613484368516805	cosine	24.0	10.0	12.0	0.2583465585551994	0.03847661585264555
0.5555862498378981	cosine	24.0	12.0	6.0	0.25002703725741965	0.04347701138065798
0.011630832293156142	cosine	24.0	4.0	2.0	0.19597397046916537	0.08985625322931617
-2.0112380585474416	cosine	24.0	20.0	0.0	0.2564257396539173	0.03958738267049287
-0.09946608274807452	cosine	24.0	18.0	16.0	0.17378823796322213	0.11707097859576515
0.9307573316935667	cosine	24.0	20.0	18.0	0.28471690049293835	0.0256371939762934
-0.697353821443064	cosine	24.0	10.0	12.0	0.2583465585551994	0.03847661585264555
2.9523932853021093	cosine	24.0	14.0	6.0	0.5521254431257345	7.845856835261471e-05
-0.5887764309912021	cosine	24.0	14.0	12.0	0.1845332561108567	0.10323755908592297
-0.21955980027170008	cosine	24.0	16.0	8.0	0.23766989273624334	0.0518588158081891
-0.4256680125320129	cosine	24.0	10.0	14.0	0.2541785623789577	0.040919829260890266
0.9288027617302299	cosine	24.0	8.0	6.0	0.19929591659972523	0.08622355226943118
-0.32279874788915214	cosine	24.0	8.0	10.0	0.2952532097773707	0.02162395005989455
0.9028755622643599	cosine	24.0	14.0	16.0	0.33215986099954203	0.011483852877009561
-0.5769044526995112	cosine	24.0	20.0	22.0	0.3100158702662392	0.016903200710028324
-0.9970309146905205	cosine	24.0	0.0	20.0	0.2564257396539173	0.03958738267049287
0.4659088098686888	cosine	24.0	4.0	2.0	0.20336921463781313	0.08192052243423542
0.5957028558652394	cosine	24.0	12.0	4.0	0.36198952893673986	0.006602618688996535
1.1057679155217546	cosine	24.0	18.0	20.0	0.23295019131240413	0.055380662873957556
-2.0766033223936313	cosine	24.0	2.0	20.0	0.34005076960724046	0.009956246028067745
-0.31066889563985534	cosine	24.0	12.0	14.0	0.1845332561108567	0.10323755908592297
0.02940466516983703	cosine	24.0	6.0	4.0	0.3690665122217134	0.00575805764378841
1.60703587436463	cosine	24.0	6.0	2.0	0.2983835297492112	0.020539183818460795
0.5810271953297438	cosine	24.0	8.0	6.0	0.2731092190440679	0.030762062328506853
0.26467344096244333	cosine	24.0	16.0	14.0	0.1550079351331196	0.14430254111594104
2.246687692679811	cosine	24.0	12.0	14.0	0.16238926537755388	0.1331294177656946
-0.8335527052657856	cosine	24.0	20.0	16.0	0.14707472779848213	0.15699723144123712
0.36398853240395684	cosine	24.0	18.0	12.0	0.20590461891787498	0.07932505515945215
-0.27774703118060207	cosine	24.0	16.0	20.0	0.3015031919868884	0.01950433652444874
0.6976889844200718	cosine	24.0	2.0	8.0	0.23944357325553983	0.05058223589567321
0.3092164666765001	cosine	24.0	0.0	2.0	0.21405857708859377	0.07139933215686703
1.2619292221522973	cosine	24.0	6.0	4.0	0.3395411912439763	0.010049245916082774
-1.8093663819997812	cosine	24.0	14.0	12.0	0.2878718795329364	0.024374796195956446
-0.2555884446660222	cosine	24.0	0.0	2.0	0.3469225214884106	0.008773600268086433
-0.8250435497426511	cosine	24.0	12.0	10.0	0.21405857708859377	0.07139933215686703
-0.13027780097990896	cosine	24.0	10.0	8.0	0.3100158702662392	0.016903200710028324
0.3617056618576544	cosine	24.0	6.0	14.0	0.22304405318324375	0.06338511299725048
0.9626067217196816	cosine	24.0	22.0	18.0	0.29101603518750224	0.023169067299739072
-0.4010401094850372	cosine	24.0	4.0	2.0	0.15160250545727888	0.14966458474778954
0.3111977020228394	cosine	24.0	4.0	2.0	0.2551359238183474	0.04034778682105685
0.0744435500141204	cosine	24.0	0.0	22.0	0.2930579881759055	0.022413223470489428
