ID	Waveform	Period	Phase	Nadir	Tau	P
1.263863450956549	cosine	24.0	18.0	14.0	0.24681106781724876	0.04554533424377086
-0.17045729816234106	cosine	24.0	18.0	20.0	0.18118348213186988	0.10741654185240362
-0.5405897536082007	cosine	24.0	18.0	12.0	0.1985508825279509	0.08702857063002639
2.0498135487370215	cosine	24.0	6.0	16.0	0.2124670414275315	0.07289658589843155
-1.1597588845867672	cosine	24.0	0.0	22.0	0.21979349113192914	0.06619938366322035
-0.9541187179366809	cosine	24.0	12.0	4.0	0.2961732509482417	0.02130021087103255
1.0015825309890485	cosine	24.0	12.0	18.0	0.48534660173499106	0.0004457694404340876
0.439880765905289	cosine	24.0	18.0	14.0	0.23944357325553983	0.05058223589567321
0.6528600579521423	cosine	24.0	20.0	16.0	0.25738077364734374	0.03903189065418176
-0.15223558231361795	cosine	24.0	22.0	20.0	0.2583465585551994	0.03847661585264555
0.5820019465024613	cosine	24.0	22.0	20.0	0.3173972005106735	0.014893695995628085
-0.6948204258221194	cosine	24.0	0.0	2.0	0.14024527464425107	0.16849709470074392
-1.528143026967771	cosine	24.0	22.0	20.0	0.39859183319945046	0.003178592823322213
0.07899736381109086	cosine	24.0	16.0	18.0	0.09244055210809687	0.2634159933036787
0.5719736586394352	cosine	24.0	22.0	6.0	0.2522957322892429	0.04206404605218764
-1.261395207914617	cosine	24.0	22.0	20.0	0.2583465585551994	0.03847661585264555
-0.5182154311729843	cosine	24.0	8.0	6.0	0.2583465585551994	0.03847661585264555
-0.37053653074052445	cosine	24.0	12.0	10.0	0.2066772468441595	0.07854663026645384
-1.1085326395920758	cosine	24.0	10.0	8.0	0.2731092190440679	0.030762062328506853
1.3579543863016528	cosine	24.0	0.0	22.0	0.3296902366978937	0.01200202793833976
1.5679991522437275	cosine	24.0	2.0	0.0	0.30263454002180495	0.019140153805216078
-0.11758656486579197	cosine	24.0	16.0	12.0	0.20997359500870416	0.07529048637923798
-1.68918481422956	cosine	24.0	20.0	16.0	0.12501351862870982	0.19604191800898463
-0.1385286402650003	cosine	24.0	14.0	16.0	0.2952532097773707	0.02162395005989455
-0.03337988939579521	cosine	24.0	2.0	22.0	0.3559926678902488	0.0074021542409467705
1.6096459531388396	cosine	24.0	4.0	10.0	0.3235644011566607	0.013375682598903569
-2.417988142471087	cosine	24.0	6.0	4.0	0.22882123757746228	0.05861420943696903
-1.0718973373853262	cosine	24.0	8.0	6.0	0.48716779613266165	0.0004262546337290486
-0.2676495469407085	cosine	24.0	10.0	8.0	0.3838291727105819	0.00429821088254844
1.6659511187112945	cosine	24.0	10.0	18.0	0.16118189349674802	0.13491510064665357
-1.4768343323160957	cosine	24.0	0.0	20.0	0.30038443788030317	0.01987023624788583
-0.13834924735234108	cosine	24.0	10.0	8.0	0.16977059562198815	0.12256654833167985
-0.09499060341617789	cosine	24.0	16.0	14.0	0.37644784246614765	0.004980681982243198
-2.2761576634810003	cosine	24.0	8.0	12.0	0.23620256782189655	0.052934139906380795
-1.0897889366517508	cosine	24.0	14.0	10.0	0.2983835297492112	0.020539183818460795
-1.26539997120358	cosine	24.0	16.0	12.0	0.3867934644897182	0.004048549572026775
-0.01751905640419639	cosine	24.0	0.0	22.0	0.22711994083632678	0.059988929747551704
1.0842578153587001	cosine	24.0	20.0	22.0	0.16977059562198815	0.12256654833167985
0.15391816930635066	cosine	24.0	10.0	8.0	0.28049054928850214	0.02741363646522646
1.3147829126900648	cosine	24.0	22.0	20.0	0.3100158702662392	0.016903200710028324
0.4909266572349661	cosine	24.0	20.0	18.0	0.1885787263005176	0.09834961988888624
0.2155620159288336	cosine	24.0	8.0	6.0	0.1550079351331196	0.14430254111594104
0.1789538754584083	cosine	24.0	2.0	14.0	0.34005076960724046	0.009956246028067745
-1.1430045684307388	cosine	24.0	4.0	2.0	0.2773216563242906	0.02881195020498228
0.7491324467885662	cosine	24.0	4.0	20.0	0.2742344916187423	0.030230724316061157
-0.5868018868114764	cosine	24.0	8.0	12.0	0.2066772468441595	0.07854663026645384
0.1509842892214834	cosine	24.0	22.0	0.0	0.41760763315066535	0.0021252413268578177
0.060141226500503055	cosine	24.0	20.0	22.0	0.2583465585551994	0.03847661585264555
-0.4009106707302206	cosine	24.0	12.0	10.0	0.24358389806633082	0.04769966180633572
-0.5390860334563237	cosine	24.0	12.0	10.0	0.13286394439981683	0.1815197663058417
0.2814849822982774	cosine	24.0	8.0	4.0	0.23207607869383093	0.05605319139859437
-1.8235118295621795	cosine	24.0	16.0	18.0	0.22555494714375637	0.0612756889104502
0.9468990515008078	cosine	24.0	2.0	0.0	0.1550079351331196	0.14430254111594104
-0.25605187013452924	cosine	24.0	20.0	18.0	0.16639299379457437	0.12732468937632635
2.2628125558414935	cosine	24.0	10.0	8.0	0.2583465585551994	0.03847661585264555
-1.1282505856650245	cosine	24.0	2.0	4.0	0.3734598305167114	0.005283338852544909
-0.7045228875941961	cosine	24.0	16.0	8.0	0.47168332558423676	0.0006207912848591029
-0.8108188206369371	cosine	24.0	12.0	10.0	0.16238926537755388	0.1331294177656946
1.2516725756913598	cosine	24.0	14.0	20.0	0.458753438002898	0.0008429158824009362
0.9299652445636071	cosine	24.0	8.0	12.0	0.3395411912439763	0.010049245916082774
-0.09456365914005081	cosine	24.0	20.0	14.0	0.21653162273736784	0.06911977279696901
-0.43640672856643276	cosine	24.0	22.0	20.0	0.2066772468441595	0.07854663026645384
-0.2898700553921047	cosine	24.0	12.0	6.0	0.3971017650559018	0.0032782919758639786
-0.30553631053655483	cosine	24.0	2.0	4.0	0.24034543548105186	0.04994280222373064
0.5807782170582318	cosine	24.0	12.0	22.0	0.37364893492427953	0.005263710294693397
-1.8873934710388396	cosine	24.0	8.0	6.0	0.22143990733302804	0.06476208627439409
0.27789583173335913	cosine	24.0	8.0	6.0	0.30263454002180495	0.019140153805216078
1.1395259767752983	cosine	24.0	14.0	6.0	0.2522957322892429	0.04206404605218764
-0.2657980120139879	cosine	24.0	2.0	0.0	0.22882123757746228	0.05861420943696903
0.560462860245961	cosine	24.0	16.0	14.0	0.26572788879963366	0.03444220575113408
-0.513879772164449	cosine	24.0	20.0	22.0	0.28049054928850214	0.02741363646522646
-2.459862284719453	cosine	24.0	18.0	20.0	0.24774067964969962	0.04493949144849353
-0.4963455081793317	cosine	24.0	4.0	8.0	0.24681106781724876	0.04554533424377086
0.8277903973275238	cosine	24.0	20.0	18.0	0.16639299379457437	0.12732468937632635
-0.10223349059838793	cosine	24.0	18.0	16.0	0.12202152878268788	0.2017571781780051
0.972621811286357	cosine	24.0	12.0	10.0	0.28049054928850214	0.02741363646522646
-1.1763452655222006	cosine	24.0	2.0	4.0	0.2773216563242906	0.02881195020498228
-1.0189311206498057	cosine	24.0	8.0	6.0	0.23620256782189655	0.052934139906380795
-2.312779537423989	cosine	24.0	4.0	0.0	0.3204860134343379	0.014115833190008366
1.0215895861795043	cosine	24.0	4.0	0.0	0.4088959481748449	0.002560614606221767
1.5485309272776073	cosine	24.0	8.0	14.0	0.28679571920704017	0.024799403568754007
-0.8920187830625355	cosine	24.0	20.0	16.0	0.3971017650559018	0.0032782919758639786
-0.014070922194830299	cosine	24.0	18.0	20.0	0.18118348213186988	0.10741654185240362
-0.7366346541925933	cosine	24.0	4.0	22.0	0.2408823295204357	0.049565208125727844
0.10311104728101807	cosine	24.0	4.0	2.0	0.3586693421794159	0.0070353044355588755
1.9475324885793015	cosine	24.0	0.0	2.0	0.28049054928850214	0.02741363646522646
0.3861326553790455	cosine	24.0	0.0	6.0	0.3529793467163571	0.007835221812399042
0.3694040845959782	cosine	24.0	20.0	18.0	0.22555494714375637	0.0612756889104502
0.7032679237774548	cosine	24.0	2.0	0.0	0.3838291727105819	0.00429821088254844
-0.5715201061095269	cosine	24.0	16.0	4.0	0.17916653452424497	0.10999084832379369
-0.015147564262471764	cosine	24.0	12.0	6.0	0.47799286534506696	0.0005332941435529806
-0.7550874234503064	cosine	24.0	20.0	22.0	0.32477853075510776	0.013093115992743426
-1.0372317369635473	cosine	24.0	18.0	20.0	0.28471690049293835	0.0256371939762934
-0.6913886252800792	cosine	24.0	2.0	6.0	0.3720584753663004	0.005430836150817805
0.6123849535765323	cosine	24.0	6.0	4.0	0.3690665122217134	0.00575805764378841
-0.6197021574112351	cosine	24.0	8.0	6.0	0.1550079351331196	0.14430254111594104
0.12249805594261255	cosine	24.0	22.0	20.0	0.16977059562198815	0.12256654833167985
-1.8563576772221855	cosine	24.0	8.0	22.0	0.22711994083632678	0.059988929747551704
1.5089147641160197	cosine	24.0	8.0	10.0	0.19191458635529096	0.09444831922890234
0.9685079215709547	cosine	24.0	20.0	18.0	0.20336921463781313	0.08192052243423542
-0.48907662601688623	cosine	24.0	12.0	14.0	0.2583465585551994	0.03847661585264555
-1.688771485515632	cosine	24.0	2.0	18.0	0.4102811834462677	0.0024863946965112097
-1.6362677020025425	cosine	24.0	18.0	8.0	0.3883018343330748	0.003926562060915238
0.08203604081217893	cosine	24.0	8.0	10.0	0.22882123757746228	0.05861420943696903
-1.4634516856436877	cosine	24.0	12.0	18.0	0.2794419828171161	0.027869928627522758
-1.5348098098633969	cosine	24.0	0.0	20.0	0.2564257396539173	0.03958738267049287
-0.3308593287625321	cosine	24.0	4.0	2.0	0.1885787263005176	0.09834961988888624
1.1008635202206505	cosine	24.0	18.0	16.0	0.38825031885400685	0.003930673389220724
-1.1251414625689335	cosine	24.0	12.0	4.0	0.4058670475957386	0.0027299213020319725
-0.672938145052055	cosine	24.0	10.0	8.0	0.32477853075510776	0.013093115992743426
2.1314091054668305	cosine	24.0	0.0	22.0	0.11722319527036221	0.2111284946177049
-0.8409829534240687	cosine	24.0	2.0	12.0	0.2532318977775997	0.04149193177995398
0.7746827262395932	cosine	24.0	20.0	22.0	0.2583465585551994	0.03847661585264555
1.8088274384688288	cosine	24.0	22.0	6.0	0.42049288714873817	0.001996585957609922
1.0495511180671648	cosine	24.0	6.0	8.0	0.2878718795329364	0.024374796195956446
0.26597125405957234	cosine	24.0	14.0	0.0	0.3296902366978937	0.01200202793833976
0.1789880179087187	cosine	24.0	6.0	4.0	0.22143990733302804	0.06476208627439409
0.4111130700089393	cosine	24.0	18.0	20.0	0.2699264121556429	0.03230693818080994
-1.1510133652602113	cosine	24.0	22.0	2.0	0.19451145771322875	0.09149116941576257
0.029325577232971505	cosine	24.0	4.0	2.0	0.1589977496259266	0.13818700065494172
-1.2749834246508518	cosine	24.0	4.0	18.0	0.2857315384715079	0.025225367793130095
1.7377928455306897	cosine	24.0	20.0	10.0	0.2857315384715079	0.025225367793130095
0.9279532638516401	cosine	24.0	18.0	20.0	0.18118348213186988	0.10741654185240362
-0.2595513214784078	cosine	24.0	12.0	8.0	0.3173972005106735	0.014893695995628085
-0.4909853936407115	cosine	24.0	2.0	20.0	0.20841821363024415	0.0768138415244357
0.5690686149229695	cosine	24.0	0.0	4.0	0.2689135515023755	0.032811789040382046
0.019482268684134305	cosine	24.0	6.0	8.0	0.28049054928850214	0.02741363646522646
1.3250670097253832	cosine	24.0	18.0	20.0	0.34387885384212036	0.009281315096840078
-0.39728283092993444	cosine	24.0	20.0	22.0	0.3173972005106735	0.014893695995628085
-3.101808782617756	cosine	24.0	14.0	16.0	0.19929591659972523	0.08622355226943118
1.1673980791230263	cosine	24.0	10.0	12.0	0.3173972005106735	0.014893695995628085
0.05428913996316682	cosine	24.0	10.0	14.0	0.37942596992800925	0.004694491835707916
-0.925899086582218	cosine	24.0	18.0	14.0	0.28364854062579337	0.02607689362942387
1.1617765207746822	cosine	24.0	12.0	14.0	0.4354984844216218	0.001434531998309761
-0.771164767488844	cosine	24.0	18.0	16.0	0.17378823796322213	0.11707097859576515
-0.6829041395950874	cosine	24.0	10.0	8.0	0.22143990733302804	0.06476208627439409
0.14249132697164363	cosine	24.0	0.0	22.0	0.2930579881759055	0.022413223470489428
-1.0941259323078925	cosine	24.0	6.0	4.0	0.2731092190440679	0.030762062328506853
2.6566340887353768	cosine	24.0	0.0	4.0	0.3425884971194647	0.009504204798824281
0.28138293744398607	cosine	24.0	16.0	2.0	0.5101338230592225	0.0002393648930400435
1.7152666458974861	cosine	24.0	14.0	16.0	0.3173972005106735	0.014893695995628085
-0.11992057361465525	cosine	24.0	2.0	0.0	0.1550079351331196	0.14430254111594104
-1.230323326072588	cosine	24.0	20.0	22.0	0.19191458635529096	0.09444831922890234
0.798164669866812	cosine	24.0	12.0	14.0	0.14762660488868534	0.15609104027542364
1.0790758493940718	cosine	24.0	2.0	0.0	0.2878718795329364	0.024374796195956446
2.178041681422434	cosine	24.0	16.0	2.0	0.319292392850017	0.014412173665151762
-0.577253582922756	cosine	24.0	14.0	12.0	0.33215986099954203	0.011483852877009561
0.20742942392407118	cosine	24.0	18.0	16.0	0.14420726128863112	0.16176125330350544
-1.0795727222030536	cosine	24.0	18.0	16.0	0.28471690049293835	0.0256371939762934
0.511315420876449	cosine	24.0	4.0	12.0	0.2669215718422425	0.03382364878829115
-0.14671989739614452	cosine	24.0	4.0	2.0	0.23295019131240413	0.055380662873957556
0.3156142474356075	cosine	24.0	14.0	16.0	0.17715192586642242	0.11260606365924808
0.9640939391904435	cosine	24.0	22.0	0.0	0.21979349113192914	0.06619938366322035
-1.0290215506875744	cosine	24.0	4.0	8.0	0.20260610044699526	0.0827141103030547
-0.6437072025754226	cosine	24.0	12.0	10.0	0.3838291727105819	0.00429821088254844
2.737170883951792	cosine	24.0	8.0	10.0	0.19191458635529096	0.09444831922890234
1.4306455935403022	cosine	24.0	10.0	4.0	0.2206120916977232	0.06548169886148832
0.5154096081321011	cosine	24.0	4.0	12.0	0.3254249300542409	0.012944793795829015
-0.01757460536079421	cosine	24.0	2.0	10.0	0.2930579881759055	0.022413223470489428
-2.088903763920648	cosine	24.0	6.0	4.0	0.21405857708859377	0.07139933215686703
-0.9957719881447187	cosine	24.0	4.0	2.0	0.4178312955285979	0.0021150055896341437
-0.1684789181828747	cosine	24.0	16.0	14.0	0.35430385173284484	0.007642194440630212
-2.6109554627788816	cosine	24.0	16.0	14.0	0.3100158702662392	0.016903200710028324
-0.2678306004315025	cosine	24.0	12.0	10.0	0.22143990733302804	0.06476208627439409
0.8855491497954691	cosine	24.0	8.0	6.0	0.2583465585551994	0.03847661585264555
-0.03543002427724285	cosine	24.0	0.0	2.0	0.24358389806633082	0.04769966180633572
1.8737759893583532	cosine	24.0	22.0	18.0	0.23944357325553983	0.05058223589567321
-1.3942419093108989	cosine	24.0	2.0	10.0	0.4102811834462677	0.0024863946965112097
0.8239988344148812	cosine	24.0	18.0	16.0	0.23295019131240413	0.055380662873957556
0.12229296132639159	cosine	24.0	20.0	22.0	0.11071995366651402	0.22422834429010646
-1.4537047233114777	cosine	24.0	12.0	14.0	0.3912105029550162	0.003700585778126575
0.06412492228828905	cosine	24.0	8.0	10.0	0.32477853075510776	0.013093115992743426
1.0068308820103906	cosine	24.0	2.0	6.0	0.4309984318599717	0.0015856751406824532
0.30513765562522815	cosine	24.0	10.0	8.0	0.2583465585551994	0.03847661585264555
0.4061484505391291	cosine	24.0	12.0	2.0	0.2679120077936924	0.03331737652423981
-0.48113860099307504	cosine	24.0	6.0	8.0	0.2583465585551994	0.03847661585264555
-0.4956398179556809	cosine	24.0	0.0	6.0	0.3088569283768125	0.017238887161647665
-1.5690119074063658	cosine	24.0	2.0	18.0	0.35899603551548426	0.0069916470137857895
-0.2813076144245448	cosine	24.0	0.0	20.0	0.22711994083632678	0.059988929747551704
1.0498668502006359	cosine	24.0	14.0	10.0	0.3057510243109201	0.018166718113862217
0.7406830395507643	cosine	24.0	18.0	16.0	0.5213647138896663	0.00017898820863211063
-0.12289964697721363	cosine	24.0	10.0	12.0	0.16977059562198815	0.12256654833167985
0.327337170778274	cosine	24.0	22.0	20.0	0.30263454002180495	0.019140153805216078
0.42634420510304294	cosine	24.0	6.0	4.0	0.3173972005106735	0.014893695995628085
0.6685226790972432	cosine	24.0	4.0	14.0	0.3956282840374724	0.003379637955668793
-0.5650820496687814	cosine	24.0	6.0	4.0	0.2952532097773707	0.02162395005989455
1.8811087470604047	cosine	24.0	12.0	14.0	0.2731092190440679	0.030762062328506853
0.7577646959231837	cosine	24.0	20.0	22.0	0.19191458635529096	0.09444831922890234
1.5233097193394436	cosine	24.0	10.0	14.0	0.2689135515023755	0.032811789040382046
-1.5343047159001317	cosine	24.0	14.0	12.0	0.24358389806633082	0.04769966180633572
0.6320554167570929	cosine	24.0	4.0	2.0	0.33648360967347263	0.010623344634627566
-2.362504790738608	cosine	24.0	6.0	10.0	0.32785350799604684	0.012400444227444124
1.46859859433709	cosine	24.0	0.0	2.0	0.23620256782189655	0.052934139906380795
0.28629010119202836	cosine	24.0	18.0	20.0	0.21815970297510862	0.06764995867882109
0.5361746497573162	cosine	24.0	6.0	8.0	0.19929591659972523	0.08622355226943118
-1.455516319284591	cosine	24.0	12.0	16.0	0.2689135515023755	0.032811789040382046
0.6272297553325196	cosine	24.0	12.0	14.0	0.2509652283107651	0.042888118888463896
1.3689499657730315	cosine	24.0	4.0	0.0	0.4309984318599717	0.0015856751406824532
0.29706818460893786	cosine	24.0	10.0	8.0	0.19929591659972523	0.08622355226943118
-0.7662647657332122	cosine	24.0	14.0	4.0	0.38097538462867714	0.004551476929324292
0.5533766063306971	cosine	24.0	16.0	14.0	0.26572788879963366	0.03444220575113408
-0.4978997953115641	cosine	24.0	18.0	14.0	0.15103363851503282	0.15057309273890357
-1.3071713785667083	cosine	24.0	20.0	22.0	0.3395411912439763	0.010049245916082774
0.44191888733060886	cosine	24.0	10.0	8.0	0.2066772468441595	0.07854663026645384
1.266068013655952	cosine	24.0	18.0	16.0	0.3142978771675294	0.015710968084713377
0.5259959461973563	cosine	24.0	14.0	12.0	0.24358389806633082	0.04769966180633572
-0.220851616490501	cosine	24.0	12.0	18.0	0.4412241833954464	0.001261257819012709
-0.1316084967762286	cosine	24.0	16.0	10.0	0.19119714613802677	0.09527758524409297
-1.4106952786643117	cosine	24.0	8.0	10.0	0.16238926537755388	0.1331294177656946
0.10487722965933481	cosine	24.0	6.0	8.0	0.17715192586642242	0.11260606365924808
-0.9754776785110327	cosine	24.0	20.0	18.0	0.16639299379457437	0.12732468937632635
1.0719592918908138	cosine	24.0	2.0	22.0	0.28259211780978516	0.026517864644015943
-0.6145272989123522	cosine	24.0	16.0	22.0	0.344343136106689	0.009202243653261678
0.6929121497463698	cosine	24.0	12.0	10.0	0.2583465585551994	0.03847661585264555
-0.09341476455801957	cosine	24.0	2.0	12.0	0.32663244785806334	0.012671607032707451
0.8897825385869711	cosine	24.0	14.0	20.0	0.2458918427695533	0.04615084821555857
-1.3208724870944164	cosine	24.0	10.0	14.0	0.29101603518750224	0.023169067299739072
0.357605608270852	cosine	24.0	22.0	20.0	0.3838291727105819	0.00429821088254844
-1.4109229198470397	cosine	24.0	10.0	12.0	0.24358389806633082	0.04769966180633572
0.30774847997873833	cosine	24.0	0.0	2.0	0.33215986099954203	0.011483852877009561
0.9167174252780346	cosine	24.0	4.0	10.0	0.3529793467163571	0.007835221812399042
-0.16629955615390135	cosine	24.0	22.0	20.0	0.22143990733302804	0.06476208627439409
0.8568474240305666	cosine	24.0	2.0	10.0	0.32236378699349605	0.013660266883671912
0.4687028887532088	cosine	24.0	18.0	20.0	0.23295019131240413	0.055380662873957556
-0.7512914091443923	cosine	24.0	20.0	18.0	0.21815970297510862	0.06764995867882109
-0.763850140047817	cosine	24.0	20.0	22.0	0.16977059562198815	0.12256654833167985
-0.23839911720138193	cosine	24.0	4.0	2.0	0.2625311679869951	0.03614461188618968
-0.29219331634171486	cosine	24.0	8.0	6.0	0.22143990733302804	0.06476208627439409
-0.2892633053955084	cosine	24.0	16.0	18.0	0.3142978771675294	0.015710968084713377
-1.0423996238780244	cosine	24.0	14.0	16.0	0.42811715417718754	0.00168992695018417
0.13107593116208996	cosine	24.0	6.0	4.0	0.37644784246614765	0.004980681982243198
-0.979277674353335	cosine	24.0	16.0	6.0	0.3370166864022913	0.010521242945149252
0.16125028850737913	cosine	24.0	22.0	0.0	0.1978141420187362	0.0878301350644845
-0.3125013929584954	cosine	24.0	10.0	8.0	0.2509652283107651	0.042888118888463896
-0.15987994245111237	cosine	24.0	0.0	18.0	0.2700801876441249	0.03223085368788413
-1.967080861661787	cosine	24.0	2.0	6.0	0.3941609590514271	0.003483349956988493
-0.5253654566367898	cosine	24.0	2.0	6.0	0.2689135515023755	0.032811789040382046
1.2052169771253245	cosine	24.0	18.0	0.0	0.2554812585822803	0.04014304304154523
0.1887266381578411	cosine	24.0	18.0	20.0	0.19597397046916537	0.08985625322931617
-1.1134437093325984	cosine	24.0	0.0	6.0	0.5000540745148393	0.0003092403561969335
0.09764600013108378	cosine	24.0	10.0	12.0	0.1845332561108567	0.10323755908592297
-0.6839389185788441	cosine	24.0	4.0	6.0	0.2731092190440679	0.030762062328506853
-0.48337726985067503	cosine	24.0	2.0	22.0	0.23855178776150696	0.051220920739073736
1.163094365947175	cosine	24.0	10.0	12.0	0.30263454002180495	0.019140153805216078
1.0608791130404895	cosine	24.0	10.0	14.0	0.23207607869383093	0.05605319139859437
-0.5660446132991039	cosine	24.0	4.0	8.0	0.32785350799604684	0.012400444227444124
1.1630841917309735	cosine	24.0	14.0	8.0	0.3971017650559018	0.0032782919758639786
0.837046510170275	cosine	24.0	8.0	16.0	0.34736368938374024	0.008702066626578324
-1.6549243730247023	cosine	24.0	16.0	20.0	0.24267330086749553	0.0483220815907642
0.11087492849224723	cosine	24.0	4.0	20.0	0.31079909050124127	0.016679520254869944
-1.5728886159705773	cosine	24.0	2.0	6.0	0.3499559916811736	0.008291978169918663
1.9911893069089317	cosine	24.0	8.0	22.0	0.3077108875847008	0.01757642110804049
-1.8568236875451307	cosine	24.0	4.0	22.0	0.5182619816954829	0.0001940625026640813
-0.27669200161810253	cosine	24.0	4.0	8.0	0.3057510243109201	0.018166718113862217
0.38926552229087336	cosine	24.0	20.0	16.0	0.17648967335817856	0.11347537277868341
-1.3833535700882489	cosine	24.0	16.0	22.0	0.20514059172313384	0.08010054349500118
-0.7245298802466984	cosine	24.0	4.0	0.0	0.224708584132122	0.06198051021301793
2.1637022956280347	cosine	24.0	8.0	6.0	0.21405857708859377	0.07139933215686703
-0.3199279965138763	cosine	24.0	10.0	2.0	0.35899603551548426	0.0069916470137857895
-0.023537285707403155	cosine	24.0	16.0	22.0	0.30038443788030317	0.01987023624788583
-0.46595658054676997	cosine	24.0	0.0	22.0	0.16850834320114566	0.12432991439258562
-0.9128014793507151	cosine	24.0	18.0	14.0	0.20997359500870416	0.07529048637923798
1.2414901133581786	cosine	24.0	10.0	8.0	0.2066772468441595	0.07854663026645384
1.275143380355577	cosine	24.0	0.0	20.0	0.2930579881759055	0.022413223470489428
1.1326032114636437	cosine	24.0	6.0	8.0	0.33215986099954203	0.011483852877009561
1.208066509046659	cosine	24.0	12.0	20.0	0.2930579881759055	0.022413223470489428
0.2173158001945295	cosine	24.0	0.0	22.0	0.4395869822638583	0.0013087389029084813
0.9548877297911261	cosine	24.0	12.0	14.0	0.1845332561108567	0.10323755908592297
-2.7316056436376237	cosine	24.0	6.0	4.0	0.2509652283107651	0.042888118888463896
-0.7220156229020657	cosine	24.0	18.0	2.0	0.3516695858110866	0.008030305253720312
0.701167854826383	cosine	24.0	6.0	8.0	0.30263454002180495	0.019140153805216078
-1.0395291850399009	cosine	24.0	16.0	18.0	0.19597397046916537	0.08985625322931617
0.22628962989855955	cosine	24.0	16.0	12.0	0.31311851887262904	0.016031910355278088
-1.0662231682910384	cosine	24.0	0.0	20.0	0.3077108875847008	0.01757642110804049
1.6354825290059976	cosine	24.0	10.0	12.0	0.16238926537755388	0.1331294177656946
-0.5209660173458702	cosine	24.0	4.0	6.0	0.24358389806633082	0.04769966180633572
-0.4066604640101077	cosine	24.0	10.0	12.0	0.2878718795329364	0.024374796195956446
-0.7666436792087357	cosine	24.0	10.0	8.0	0.1550079351331196	0.14430254111594104
-0.16461161039802705	cosine	24.0	16.0	18.0	0.1885787263005176	0.09834961988888624
0.7631699110373424	cosine	24.0	16.0	14.0	0.2066772468441595	0.07854663026645384
0.7547845774486232	cosine	24.0	18.0	16.0	0.23295019131240413	0.055380662873957556
0.055600028116523745	cosine	24.0	14.0	12.0	0.24358389806633082	0.04769966180633572
0.020224203207148322	cosine	24.0	2.0	0.0	0.3912105029550162	0.003700585778126575
-1.2713236319209251	cosine	24.0	8.0	10.0	0.28049054928850214	0.02741363646522646
-2.5273295361799097	cosine	24.0	0.0	2.0	0.28049054928850214	0.02741363646522646
-0.1777882549697385	cosine	24.0	10.0	12.0	0.24358389806633082	0.04769966180633572
-0.044533909191467304	cosine	24.0	22.0	20.0	0.19929591659972523	0.08622355226943118
-0.018611155875954313	cosine	24.0	14.0	8.0	0.3088569283768125	0.017238887161647665
0.03839798128901109	cosine	24.0	16.0	18.0	0.20336921463781313	0.08192052243423542
1.1787816077452697	cosine	24.0	6.0	10.0	0.37942596992800925	0.004694491835707916
-0.583620637729336	cosine	24.0	2.0	4.0	0.2699264121556429	0.03230693818080994
-0.7423829848796591	cosine	24.0	6.0	2.0	0.3352210025577558	0.010868624632020605
0.8291672121067247	cosine	24.0	6.0	4.0	0.33215986099954203	0.011483852877009561
-1.6438628376837836	cosine	24.0	0.0	10.0	0.28259211780978516	0.026517864644015943
1.3467123630266038	cosine	24.0	6.0	10.0	0.23944357325553983	0.05058223589567321
1.743439653292108	cosine	24.0	22.0	12.0	0.3516695858110866	0.008030305253720312
0.6459720471067368	cosine	24.0	10.0	12.0	0.24358389806633082	0.04769966180633572
-1.6886051078204538	cosine	24.0	2.0	22.0	0.26057195278564604	0.03722162304887712
1.779716768131217	cosine	24.0	12.0	8.0	0.2583465585551994	0.03847661585264555
-0.07795595771080946	cosine	24.0	4.0	6.0	0.2509652283107651	0.042888118888463896
1.265853810425934	cosine	24.0	6.0	2.0	0.36469098080459145	0.006268102368788777
-2.918554028502435	cosine	24.0	4.0	2.0	0.2551359238183474	0.04034778682105685
-0.9394112807954058	cosine	24.0	2.0	0.0	0.24358389806633082	0.04769966180633572
1.228757302270248	cosine	24.0	2.0	12.0	0.33397250286610974	0.01111599587008164
-0.3265270422013679	cosine	24.0	2.0	0.0	0.24358389806633082	0.04769966180633572
0.9983160752615453	cosine	24.0	4.0	6.0	0.17715192586642242	0.11260606365924808
0.5893490951387259	cosine	24.0	6.0	14.0	0.31811201027774105	0.014710479506912271
0.475914373249379	cosine	24.0	0.0	2.0	0.22143990733302804	0.06476208627439409
-0.356386137374089	cosine	24.0	2.0	22.0	0.2679120077936924	0.03331737652423981
-0.8550838314484026	cosine	24.0	0.0	20.0	0.3883018343330748	0.003926562060915238
-0.1176643358009548	cosine	24.0	16.0	14.0	0.2731092190440679	0.030762062328506853
0.09992855202548917	cosine	24.0	8.0	10.0	0.3395411912439763	0.010049245916082774
1.233701325261431	cosine	24.0	0.0	2.0	0.14024527464425107	0.16849709470074392
0.9965905641937965	cosine	24.0	12.0	10.0	0.24358389806633082	0.04769966180633572
-0.9337171891180241	cosine	24.0	18.0	16.0	0.21076445880646086	0.0745247925817003
0.4046108785959216	cosine	24.0	20.0	18.0	0.29950738883023387	0.02016114215609676
-1.3869528477588702	cosine	24.0	0.0	2.0	0.16977059562198815	0.12256654833167985
-1.5701773247098867	cosine	24.0	0.0	2.0	0.35430385173284484	0.007642194440630212
0.08811677850116358	cosine	24.0	0.0	22.0	0.23444639054072441	0.05424431461757581
-1.0431661644784045	cosine	24.0	22.0	20.0	0.22143990733302804	0.06476208627439409
-1.5585957283168062	cosine	24.0	0.0	22.0	0.31503733728909844	0.015512560718579184
-0.9759095767502031	cosine	24.0	18.0	20.0	0.2699264121556429	0.03230693818080994
0.5603812004650598	cosine	24.0	16.0	14.0	0.11071995366651402	0.22422834429010646
-1.1446180012032507	cosine	24.0	10.0	6.0	0.31311851887262904	0.016031910355278088
0.5506352813776736	cosine	24.0	2.0	4.0	0.14420726128863112	0.16176125330350544
0.3069633675209129	cosine	24.0	18.0	16.0	0.34387885384212036	0.009281315096840078
0.21865668592852228	cosine	24.0	14.0	16.0	0.30263454002180495	0.019140153805216078
1.373170307685788	cosine	24.0	2.0	18.0	0.4322605325594606	0.0015418834458715692
0.2620611775473297	cosine	24.0	16.0	0.0	0.2815474113952421	0.026960055111695882
1.9230220927172812	cosine	24.0	10.0	8.0	0.10333862342207975	0.23964102331065734
-1.0096151667881192	cosine	24.0	20.0	22.0	0.13286394439981683	0.1815197663058417
1.2322990522139592	cosine	24.0	16.0	14.0	0.28049054928850214	0.02741363646522646
0.6462198463470438	cosine	24.0	14.0	16.0	0.40597316344388473	0.002723822944538488
-1.2989025201324524	cosine	24.0	12.0	10.0	0.26572788879963366	0.03444220575113408
0.3982860607002641	cosine	24.0	16.0	0.0	0.24498281251274312	0.04675598822900129
-1.4173413445812701	cosine	24.0	14.0	16.0	0.3173972005106735	0.014893695995628085
-0.8371989634423855	cosine	24.0	4.0	16.0	0.28886033117174187	0.023990189143146694
-0.31697581211014303	cosine	24.0	16.0	18.0	0.1589977496259266	0.13818700065494172
1.4849774004931897	cosine	24.0	22.0	14.0	0.37067277790634157	0.005580272880207826
1.7001655362600712	cosine	24.0	20.0	18.0	0.1589977496259266	0.13818700065494172
1.655763885419267	cosine	24.0	22.0	0.0	0.27107863906271257	0.03174043341798899
0.11700975791968582	cosine	24.0	18.0	14.0	0.23944357325553983	0.05058223589567321
-0.8707114222187178	cosine	24.0	18.0	20.0	0.24774067964969962	0.04493949144849353
1.4462432321990624	cosine	24.0	16.0	6.0	0.35899603551548426	0.0069916470137857895
1.749018965039539	cosine	24.0	0.0	4.0	0.20997359500870416	0.07529048637923798
-1.4946006636901015	cosine	24.0	10.0	12.0	0.16977059562198815	0.12256654833167985
-0.42826030466810505	cosine	24.0	18.0	20.0	0.24034543548105186	0.04994280222373064
0.4520945883244338	cosine	24.0	6.0	4.0	0.2066772468441595	0.07854663026645384
1.4272661482911038	cosine	24.0	8.0	10.0	0.28049054928850214	0.02741363646522646
-0.18311121122046944	cosine	24.0	22.0	4.0	0.29197858123689174	0.02281014142487492
0.9697434263246858	cosine	24.0	16.0	20.0	0.23531956447757144	0.053589721789768105
0.9127440785806819	cosine	24.0	10.0	8.0	0.3395411912439763	0.010049245916082774
1.1258084493907172	cosine	24.0	18.0	16.0	0.29211214466158614	0.02276070879876716
0.15016012312089339	cosine	24.0	16.0	20.0	0.345625610326433	0.00898688283532294
0.5622362046324673	cosine	24.0	22.0	0.0	0.16850834320114566	0.12432991439258562
-1.5773716691009727	cosine	24.0	2.0	22.0	0.3046122828339243	0.01851739807192879
1.4246087934318963	cosine	24.0	20.0	16.0	0.23531956447757144	0.053589721789768105
-0.7193090342959354	cosine	24.0	14.0	16.0	0.2509652283107651	0.042888118888463896
-0.498837803687442	cosine	24.0	12.0	10.0	0.2583465585551994	0.03847661585264555
-0.857188818787764	cosine	24.0	8.0	10.0	0.21405857708859377	0.07139933215686703
0.5772533598692646	cosine	24.0	16.0	18.0	0.2625311679869951	0.03614461188618968
-2.460810219370302	cosine	24.0	4.0	0.0	0.20997359500870416	0.07529048637923798
-0.6432460869184031	cosine	24.0	18.0	20.0	0.11462628461404012	0.21630498612695365
-0.3396106636560864	cosine	24.0	16.0	22.0	0.3956282840374724	0.003379637955668793
0.13539091386970742	cosine	24.0	16.0	14.0	0.22143990733302804	0.06476208627439409
1.0027509096835439	cosine	24.0	4.0	6.0	0.24358389806633082	0.04769966180633572
0.4841320617036464	cosine	24.0	18.0	6.0	0.21573113340674394	0.06985141207676396
-0.26104582251591124	cosine	24.0	2.0	0.0	0.1550079351331196	0.14430254111594104
0.5648129238162396	cosine	24.0	10.0	2.0	0.2564257396539173	0.03958738267049287
-1.1209682606869074	cosine	24.0	22.0	2.0	0.29727222782587787	0.020918889760707993
-0.24544572365100845	cosine	24.0	8.0	6.0	0.14762660488868534	0.15609104027542364
-0.9277469028976049	cosine	24.0	14.0	20.0	0.19451145771322875	0.09149116941576257
1.8030029554627889	cosine	24.0	16.0	12.0	0.23207607869383093	0.05605319139859437
1.337416553664269	cosine	24.0	6.0	8.0	0.28049054928850214	0.02741363646522646
-0.2052261841629227	cosine	24.0	18.0	0.0	0.17518714874213506	0.11519907771269805
0.5959691525607139	cosine	24.0	8.0	10.0	0.33215986099954203	0.011483852877009561
-0.4530576081319615	cosine	24.0	8.0	2.0	0.3867934644897182	0.004048549572026775
1.497243847036777	cosine	24.0	14.0	20.0	0.47343354801899074	0.0005952777123053525
-0.7126358714196971	cosine	24.0	8.0	0.0	0.2490992899495197	0.04406574993045694
-0.07319664817295277	cosine	24.0	2.0	4.0	0.3216931213361771	0.01382149916799702
-0.9041352016525185	cosine	24.0	12.0	14.0	0.3616851819772791	0.0066412775630506635
0.7197479877563291	cosine	24.0	10.0	8.0	0.2952532097773707	0.02162395005989455
-1.0520535156552981	cosine	24.0	12.0	4.0	0.21573113340674394	0.06985141207676396
-2.3076334595000967	cosine	24.0	16.0	20.0	0.3235644011566607	0.013375682598903569
-0.3366499567724839	cosine	24.0	14.0	12.0	0.24358389806633082	0.04769966180633572
-0.5054631231339036	cosine	24.0	4.0	6.0	0.19191458635529096	0.09444831922890234
-0.7326078495881433	cosine	24.0	18.0	16.0	0.17378823796322213	0.11707097859576515
0.47771786351855455	cosine	24.0	10.0	12.0	0.21405857708859377	0.07139933215686703
0.35898840484146527	cosine	24.0	0.0	2.0	0.2066772468441595	0.07854663026645384
-0.009377314091117734	cosine	24.0	12.0	14.0	0.39859183319945046	0.003178592823322213
-0.7857000740106758	cosine	24.0	4.0	6.0	0.19929591659972523	0.08622355226943118
0.9566617685371421	cosine	24.0	12.0	14.0	0.19191458635529096	0.09444831922890234
-0.24725909101537336	cosine	24.0	18.0	16.0	0.28471690049293835	0.0256371939762934
-0.009927021576360726	cosine	24.0	4.0	10.0	0.4265167106155982	0.0017504949338750207
0.7464281477823788	cosine	24.0	0.0	2.0	0.21405857708859377	0.07139933215686703
-0.23499116255941366	cosine	24.0	12.0	10.0	0.2509652283107651	0.042888118888463896
2.159350611486654	cosine	24.0	16.0	14.0	0.19929591659972523	0.08622355226943118
-0.9381810080879989	cosine	24.0	8.0	10.0	0.19929591659972523	0.08622355226943118
-0.4369803040174459	cosine	24.0	8.0	6.0	0.22882123757746228	0.05861420943696903
-0.1656757377942571	cosine	24.0	12.0	10.0	0.2066772468441595	0.07854663026645384
-0.7530961260078848	cosine	24.0	0.0	20.0	0.2490992899495197	0.04406574993045694
-0.7467703272514095	cosine	24.0	22.0	20.0	0.24358389806633082	0.04769966180633572
-0.702860092571896	cosine	24.0	2.0	4.0	0.34387885384212036	0.009281315096840078
0.3595824651611036	cosine	24.0	22.0	10.0	0.5301866837962351	0.00014189408293859492
-1.4254058492437156	cosine	24.0	10.0	12.0	0.2066772468441595	0.07854663026645384
0.256576506058194	cosine	24.0	20.0	4.0	0.3034861707247415	0.018869840911642614
0.5575583816509306	cosine	24.0	2.0	8.0	0.2541785623789577	0.040919829260890266
-0.10199461775493095	cosine	24.0	4.0	6.0	0.16238926537755388	0.1331294177656946
1.9058515204233781	cosine	24.0	6.0	10.0	0.1805036167618685	0.10827938255929248
-2.7724819745346334	cosine	24.0	14.0	16.0	0.28049054928850214	0.02741363646522646
0.0929940944795829	cosine	24.0	16.0	12.0	0.1731361222001596	0.11795090932869162
0.28469295856209526	cosine	24.0	18.0	10.0	0.31503733728909844	0.015512560718579184
1.5867666120181647	cosine	24.0	8.0	12.0	0.11071995366651402	0.22422834429010646
1.396835401009961	cosine	24.0	18.0	12.0	0.47799286534506696	0.0005332941435529806
-0.44968687546113184	cosine	24.0	6.0	22.0	0.4351187267017378	0.0014467593902903946
0.46858146613376195	cosine	24.0	22.0	16.0	0.2564257396539173	0.03958738267049287
1.1496814151539576	cosine	24.0	20.0	16.0	0.18384340974810268	0.10408837222103484
-1.3458888265078301	cosine	24.0	14.0	16.0	0.2509652283107651	0.042888118888463896
-2.0214579884190185	cosine	24.0	0.0	22.0	0.27840508876711023	0.028327345676766758
0.08006108560767103	cosine	24.0	6.0	2.0	0.3425884971194647	0.009504204798824281
1.2316633024197159	cosine	24.0	4.0	6.0	0.2878718795329364	0.024374796195956446
0.4528877226936589	cosine	24.0	6.0	4.0	0.22882123757746228	0.05861420943696903
0.5867489462549956	cosine	24.0	12.0	16.0	0.12156366026819715	0.2026405126981874
0.05675759433400893	cosine	24.0	2.0	4.0	0.17378823796322213	0.11707097859576515
-0.7203347088643969	cosine	24.0	6.0	8.0	0.2731092190440679	0.030762062328506853
0.722189727189924	cosine	24.0	12.0	10.0	0.37644784246614765	0.004980681982243198
0.3456676081922901	cosine	24.0	14.0	8.0	0.3529793467163571	0.007835221812399042
1.124192460759888	cosine	24.0	0.0	2.0	0.3100158702662392	0.016903200710028324
1.7804380913555342	cosine	24.0	2.0	0.0	0.2878718795329364	0.024374796195956446
-0.1634764375867669	cosine	24.0	8.0	12.0	0.28049054928850214	0.02741363646522646
0.5558479671025726	cosine	24.0	16.0	14.0	0.35430385173284484	0.007642194440630212
1.0038650040405426	cosine	24.0	10.0	14.0	0.4088959481748449	0.002560614606221767
0.4943848256650431	cosine	24.0	2.0	6.0	0.2983835297492112	0.020539183818460795
-0.036608274548932694	cosine	24.0	14.0	12.0	0.2066772468441595	0.07854663026645384
1.203606458258168	cosine	24.0	4.0	2.0	0.21076445880646086	0.0745247925817003
0.5378091024792899	cosine	24.0	4.0	20.0	0.1572277751947456	0.1408778412529086
-0.19665439800022982	cosine	24.0	10.0	8.0	0.22143990733302804	0.06476208627439409
1.2054522832147105	cosine	24.0	20.0	22.0	0.2583465585551994	0.03847661585264555
-0.7302041663186002	cosine	24.0	2.0	0.0	0.14762660488868534	0.15609104027542364
1.8171053586747161	cosine	24.0	22.0	16.0	0.3883018343330748	0.003926562060915238
-0.5130366585878843	cosine	24.0	0.0	2.0	0.2878718795329364	0.024374796195956446
-0.9364095765818061	cosine	24.0	8.0	12.0	0.2731092190440679	0.030762062328506853
-1.1324169561158606	cosine	24.0	8.0	2.0	0.29101603518750224	0.023169067299739072
1.2520652490005184	cosine	24.0	22.0	20.0	0.22882123757746228	0.05861420943696903
0.9267794667433175	cosine	24.0	0.0	2.0	0.19929591659972523	0.08622355226943118
-0.1387240402237051	cosine	24.0	0.0	4.0	0.15840113307674175	0.139090076569109
-0.10498874459076775	cosine	24.0	8.0	6.0	0.39859183319945046	0.003178592823322213
0.7350903885810709	cosine	24.0	6.0	2.0	0.23944357325553983	0.05058223589567321
1.2926877429282349	cosine	24.0	18.0	20.0	0.20336921463781313	0.08192052243423542
0.8410753297071136	cosine	24.0	0.0	22.0	0.1978141420187362	0.0878301350644845
-0.574605803882313	cosine	24.0	20.0	10.0	0.19048769231433857	0.09610287952344321
-0.4908338280662201	cosine	24.0	0.0	2.0	0.23620256782189655	0.052934139906380795
-0.30633727953364526	cosine	24.0	18.0	22.0	0.23207607869383093	0.05605319139859437
0.2378760952293651	cosine	24.0	20.0	22.0	0.24358389806633082	0.04769966180633572
0.7139837806543247	cosine	24.0	12.0	14.0	0.2509652283107651	0.042888118888463896
1.4019790934008818	cosine	24.0	14.0	8.0	0.17648967335817856	0.11347537277868341
-1.2548910878911481	cosine	24.0	18.0	22.0	0.26154605694066657	0.03668290960514206
-0.694017963129191	cosine	24.0	22.0	20.0	0.2066772468441595	0.07854663026645384
0.5770719762632156	cosine	24.0	2.0	8.0	0.48993838835364306	0.0003980811056498704
-1.0948500092694577	cosine	24.0	18.0	8.0	0.344343136106689	0.009202243653261678
0.7201044710648441	cosine	24.0	22.0	0.0	0.26375218935831496	0.03548639977917875
0.36048429141367955	cosine	24.0	14.0	16.0	0.23620256782189655	0.052934139906380795
1.265455970902324	cosine	24.0	14.0	10.0	0.23944357325553983	0.05058223589567321
0.14449637274194943	cosine	24.0	10.0	8.0	0.24358389806633082	0.04769966180633572
-0.5889008675970908	cosine	24.0	20.0	18.0	0.3069026329988816	0.017817847893956983
-0.9230236416051637	cosine	24.0	20.0	22.0	0.26572788879963366	0.03444220575113408
2.0943825648051866	cosine	24.0	20.0	0.0	0.2564257396539173	0.03958738267049287
1.6768124842282304	cosine	24.0	4.0	6.0	0.2583465585551994	0.03847661585264555
-0.6630147257686293	cosine	24.0	20.0	22.0	0.4354984844216218	0.001434531998309761
0.33354633519864424	cosine	24.0	8.0	12.0	0.14762660488868534	0.15609104027542364
-0.23199235182337327	cosine	24.0	6.0	4.0	0.19929591659972523	0.08622355226943118
-0.03999501265981536	cosine	24.0	14.0	10.0	0.32785350799604684	0.012400444227444124
0.26065309553459604	cosine	24.0	0.0	22.0	0.3883018343330748	0.003926562060915238
-0.8975096306207172	cosine	24.0	0.0	22.0	0.18316124260994093	0.1049347021149013
-0.8425873748537829	cosine	24.0	6.0	8.0	0.37644784246614765	0.004980681982243198
-1.0971632379264922	cosine	24.0	20.0	14.0	0.31195233784197063	0.01635477579570562
-0.5023152417919144	cosine	24.0	0.0	18.0	0.20438500686582423	0.08087308586240693
1.6974410921847842	cosine	24.0	14.0	16.0	0.3690665122217134	0.00575805764378841
-1.1164662065256836	cosine	24.0	6.0	2.0	0.3573234862428825	0.0072177043070196685
-0.20164051199396302	cosine	24.0	14.0	10.0	0.2689135515023755	0.032811789040382046
-0.11302076580407286	cosine	24.0	6.0	4.0	0.1845332561108567	0.10323755908592297
-0.07808731760332946	cosine	24.0	2.0	18.0	0.12454964497475984	0.1969215143959162
1.2000043015379496	cosine	24.0	10.0	8.0	0.30263454002180495	0.019140153805216078
1.7893174579060724	cosine	24.0	10.0	12.0	0.2952532097773707	0.02162395005989455
1.2726746830301257	cosine	24.0	14.0	0.0	0.35899603551548426	0.0069916470137857895
-0.5851711165874669	cosine	24.0	22.0	18.0	0.3352210025577558	0.010868624632020605
-0.34741532050844515	cosine	24.0	4.0	8.0	0.26154605694066657	0.03668290960514206
-2.220797498954933	cosine	24.0	4.0	0.0	0.20997359500870416	0.07529048637923798
-0.17259628240081162	cosine	24.0	12.0	14.0	0.3616851819772791	0.0066412775630506635
-0.21616288720974192	cosine	24.0	8.0	6.0	0.33215986099954203	0.011483852877009561
0.1606855162126844	cosine	24.0	12.0	16.0	0.27628104606408443	0.02928387041000692
-0.416271034570533	cosine	24.0	22.0	0.0	0.424934082855063	0.0018123247756937882
0.03139006740247448	cosine	24.0	4.0	12.0	0.2961732509482417	0.02130021087103255
0.11468370082523384	cosine	24.0	4.0	2.0	0.18118348213186988	0.10741654185240362
1.0687753063552303	cosine	24.0	12.0	14.0	0.22143990733302804	0.06476208627439409
0.7463578812496083	cosine	24.0	16.0	14.0	0.3100158702662392	0.016903200710028324
-0.9416153713704862	cosine	24.0	14.0	16.0	0.2952532097773707	0.02162395005989455
0.3071458268325799	cosine	24.0	10.0	8.0	0.16238926537755388	0.1331294177656946
-0.2051610514008798	cosine	24.0	10.0	6.0	0.3720584753663004	0.005430836150817805
0.393350468666407	cosine	24.0	2.0	4.0	0.22555494714375637	0.0612756889104502
1.4167256155121535	cosine	24.0	22.0	20.0	0.1550079351331196	0.14430254111594104
1.2744468682391747	cosine	24.0	0.0	2.0	0.35430385173284484	0.007642194440630212
0.10185034176012144	cosine	24.0	4.0	6.0	0.3100158702662392	0.016903200710028324
-0.5198830453884463	cosine	24.0	22.0	20.0	0.23620256782189655	0.052934139906380795
0.3764169990075305	cosine	24.0	20.0	0.0	0.1758347929055433	0.11433970056138665
-1.5841105288576864	cosine	24.0	22.0	4.0	0.2627807231132026	0.03600927829228812
1.567932134976277	cosine	24.0	14.0	12.0	0.21405857708859377	0.07139933215686703
0.38450184825081435	cosine	24.0	22.0	0.0	0.1978141420187362	0.0878301350644845
1.0365090106626609	cosine	24.0	20.0	6.0	0.46889278108144883	0.0006635662708367486
0.22291091108565014	cosine	24.0	0.0	14.0	0.3516695858110866	0.008030305253720312
0.6450093523008397	cosine	24.0	6.0	8.0	0.16977059562198815	0.12256654833167985
1.2912607445547744	cosine	24.0	14.0	8.0	0.3897480286659777	0.0038127055583381552
1.2667982965738873	cosine	24.0	10.0	12.0	0.2583465585551994	0.03847661585264555
-0.8761806799481562	cosine	24.0	20.0	0.0	0.27840508876711023	0.028327345676766758
-0.2717414334028185	cosine	24.0	0.0	22.0	0.30038443788030317	0.01987023624788583
0.41607491015981535	cosine	24.0	8.0	12.0	0.5314557775992673	0.0001371929188542801
-0.4085883185354596	cosine	24.0	2.0	0.0	0.19929591659972523	0.08622355226943118
-0.2180957320766615	cosine	24.0	22.0	20.0	0.30263454002180495	0.019140153805216078
-0.5134029844814112	cosine	24.0	22.0	6.0	0.2815474113952421	0.026960055111695882
-0.5278862035131383	cosine	24.0	22.0	0.0	0.27840508876711023	0.028327345676766758
1.7871812782444805	cosine	24.0	20.0	18.0	0.44741227220318885	0.0010956827098778873
-0.08641852757801784	cosine	24.0	12.0	6.0	0.36768681949620535	0.005914759289857825
-0.48341390032863657	cosine	24.0	18.0	20.0	0.19597397046916537	0.08985625322931617
1.8719981161419672	cosine	24.0	22.0	2.0	0.1137708526247187	0.21802609596977196
0.3044156615775686	cosine	24.0	6.0	20.0	0.23444639054072441	0.05424431461757581
-1.0554484795147394	cosine	24.0	10.0	8.0	0.14762660488868534	0.15609104027542364
-0.220705766912768	cosine	24.0	14.0	12.0	0.4207358239327533	0.0019860827842088013
0.3150820068410912	cosine	24.0	0.0	22.0	0.18316124260994093	0.1049347021149013
-1.070877833022827	cosine	24.0	22.0	0.0	0.16850834320114566	0.12432991439258562
0.9883903937915735	cosine	24.0	10.0	14.0	0.3352210025577558	0.010868624632020605
1.1218774302763594	cosine	24.0	0.0	2.0	0.19191458635529096	0.09444831922890234
1.472420075510861	cosine	24.0	0.0	22.0	0.2564257396539173	0.03958738267049287
-0.7766964647282945	cosine	24.0	18.0	4.0	0.2124670414275315	0.07289658589843155
-0.16808718179421564	cosine	24.0	0.0	16.0	0.31079909050124127	0.016679520254869944
-2.6279443782787806	cosine	24.0	6.0	2.0	0.19523860588528633	0.09067556890797257
1.4672297321555081	cosine	24.0	10.0	18.0	0.21979349113192914	0.06619938366322035
0.9383641959298566	cosine	24.0	14.0	12.0	0.26572788879963366	0.03444220575113408
-0.4559858205984957	cosine	24.0	2.0	22.0	0.19451145771322875	0.09149116941576257
0.1644880896652813	cosine	24.0	8.0	10.0	0.22143990733302804	0.06476208627439409
1.1708819431949402	cosine	24.0	22.0	2.0	0.3046122828339243	0.01851739807192879
0.5189585669215753	cosine	24.0	6.0	8.0	0.19191458635529096	0.09444831922890234
-1.228744891412628	cosine	24.0	0.0	22.0	0.26375218935831496	0.03548639977917875
1.752424598748979	cosine	24.0	4.0	8.0	0.3867934644897182	0.004048549572026775
-0.829649255282789	cosine	24.0	0.0	2.0	0.1550079351331196	0.14430254111594104
0.35183660004774125	cosine	24.0	20.0	22.0	0.22143990733302804	0.06476208627439409
0.7891229742677272	cosine	24.0	2.0	0.0	0.2066772468441595	0.07854663026645384
0.40664329058403564	cosine	24.0	20.0	10.0	0.4322605325594606	0.0015418834458715692
-1.2886956132781766	cosine	24.0	22.0	0.0	0.3296902366978937	0.01200202793833976
0.5141708343235076	cosine	24.0	10.0	16.0	0.24267330086749553	0.0483220815907642
-0.8491868979030437	cosine	24.0	0.0	10.0	0.18717140270518237	0.10003042182200605
-1.6944811057872282	cosine	24.0	0.0	2.0	0.2066772468441595	0.07854663026645384
0.40224720675034104	cosine	24.0	0.0	2.0	0.413354493688319	0.00232862927072122
0.4839825384657058	cosine	24.0	12.0	14.0	0.2509652283107651	0.042888118888463896
1.5709233226793315	cosine	24.0	14.0	8.0	0.5147615472946875	0.00021248975177907416
-0.8280141080158319	cosine	24.0	8.0	10.0	0.24358389806633082	0.04769966180633572
0.6941469139836348	cosine	24.0	18.0	16.0	0.24774067964969962	0.04493949144849353
2.1525381925131972	cosine	24.0	20.0	22.0	0.14762660488868534	0.15609104027542364
-0.5855001270497774	cosine	24.0	4.0	6.0	0.17715192586642242	0.11260606365924808
-0.020130666410763217	cosine	24.0	16.0	14.0	0.19929591659972523	0.08622355226943118
2.062050012093557	cosine	24.0	12.0	10.0	0.2952532097773707	0.02162395005989455
1.327053459414762	cosine	24.0	4.0	0.0	0.41626344273655386	0.002187709194618986
0.4928365897151245	cosine	24.0	2.0	8.0	0.1805036167618685	0.10827938255929248
-0.3624863648215785	cosine	24.0	22.0	2.0	0.2458918427695533	0.04615084821555857
-0.06405423658964902	cosine	24.0	2.0	6.0	0.2983835297492112	0.020539183818460795
0.4220449060078297	cosine	24.0	0.0	20.0	0.2124670414275315	0.07289658589843155
1.368272664768195	cosine	24.0	0.0	22.0	0.18316124260994093	0.1049347021149013
1.3075629410948137	cosine	24.0	4.0	2.0	0.24774067964969962	0.04493949144849353
1.900673680563043	cosine	24.0	20.0	18.0	0.24034543548105186	0.04994280222373064
-0.9299187587266178	cosine	24.0	0.0	22.0	0.36632248521988187	0.006073423898817913
-1.2157521268422986	cosine	24.0	22.0	0.0	0.38097538462867714	0.004551476929324292
-0.21866334201986834	cosine	24.0	18.0	20.0	0.34387885384212036	0.009281315096840078
3.3056963287215297	cosine	24.0	18.0	20.0	0.1589977496259266	0.13818700065494172
2.5647152133769153	cosine	24.0	4.0	6.0	0.3912105029550162	0.003700585778126575
-0.8843306799308659	cosine	24.0	2.0	0.0	0.45764247515492457	0.0008650668306068227
-0.5834647313843514	cosine	24.0	16.0	2.0	0.40003299793852704	0.0030847701270604547
-0.5200186178687677	cosine	24.0	12.0	2.0	0.5615142081155471	6.048926847787188e-05
0.2211657032872703	cosine	24.0	20.0	18.0	0.1885787263005176	0.09834961988888624
0.26353841646770865	cosine	24.0	14.0	16.0	0.3469225214884106	0.008773600268086433
-0.20950325079195237	cosine	24.0	6.0	8.0	0.28049054928850214	0.02741363646522646
-0.43622361453758374	cosine	24.0	14.0	12.0	0.33215986099954203	0.011483852877009561
-0.7032254391687717	cosine	24.0	12.0	16.0	0.29101603518750224	0.023169067299739072
-1.871758498704768	cosine	24.0	8.0	12.0	0.22882123757746228	0.05861420943696903
-0.633393755551406	cosine	24.0	4.0	6.0	0.2066772468441595	0.07854663026645384
0.3959864449095531	cosine	24.0	14.0	12.0	0.22143990733302804	0.06476208627439409
-2.3979896732249113	cosine	24.0	4.0	2.0	0.24034543548105186	0.04994280222373064
-0.6362154015853465	cosine	24.0	12.0	10.0	0.16977059562198815	0.12256654833167985
0.7044518372243267	cosine	24.0	14.0	8.0	0.5147615472946875	0.00021248975177907416
0.042977504552889546	cosine	24.0	12.0	20.0	0.27840508876711023	0.028327345676766758
-1.2533838908637023	cosine	24.0	6.0	12.0	0.29414945559696426	0.022017809811881017
2.6472924063631025	cosine	24.0	22.0	18.0	0.19523860588528633	0.09067556890797257
-2.046505920709898	cosine	24.0	10.0	12.0	0.23620256782189655	0.052934139906380795
-1.524820097058371	cosine	24.0	0.0	2.0	0.32477853075510776	0.013093115992743426
-0.9108298609485124	cosine	24.0	0.0	2.0	0.3100158702662392	0.016903200710028324
-1.1602905684827782	cosine	24.0	2.0	6.0	0.26154605694066657	0.03668290960514206
-0.39425875566691104	cosine	24.0	8.0	10.0	0.2509652283107651	0.042888118888463896
-1.018592378038886	cosine	24.0	4.0	6.0	0.2878718795329364	0.024374796195956446
-0.521043154513269	cosine	24.0	10.0	12.0	0.3395411912439763	0.010049245916082774
0.9379392515331876	cosine	24.0	8.0	10.0	0.2952532097773707	0.02162395005989455
1.6385791175103714	cosine	24.0	14.0	16.0	0.22143990733302804	0.06476208627439409
1.4546076400036148	cosine	24.0	14.0	12.0	0.21405857708859377	0.07139933215686703
-1.1836632710527442	cosine	24.0	12.0	14.0	0.4428798146660561	0.0012148494454507022
-0.8123515472172693	cosine	24.0	6.0	12.0	0.25002703725741965	0.04347701138065798
-1.5504275334648805	cosine	24.0	10.0	8.0	0.19929591659972523	0.08622355226943118
0.20840520676304247	cosine	24.0	20.0	18.0	0.20336921463781313	0.08192052243423542
-0.7285084235692553	cosine	24.0	8.0	0.0	0.27840508876711023	0.028327345676766758
-1.2933865481250344	cosine	24.0	8.0	6.0	0.21405857708859377	0.07139933215686703
1.124990618451282	cosine	24.0	2.0	6.0	0.20997359500870416	0.07529048637923798
-1.0564320087684973	cosine	24.0	4.0	2.0	0.2625311679869951	0.03614461188618968
-0.9740759770141776	cosine	24.0	12.0	2.0	0.3046122828339243	0.01851739807192879
-0.4137765322974041	cosine	24.0	6.0	16.0	0.30038443788030317	0.01987023624788583
0.653104106679672	cosine	24.0	0.0	2.0	0.26572788879963366	0.03444220575113408
0.7662645310515704	cosine	24.0	0.0	16.0	0.3839282882662392	0.00428964558614273
0.09458689533643179	cosine	24.0	10.0	12.0	0.26572788879963366	0.03444220575113408
-1.5044926068448568	cosine	24.0	8.0	6.0	0.2583465585551994	0.03847661585264555
0.7038501974648843	cosine	24.0	0.0	20.0	0.38097538462867714	0.004551476929324292
-0.7400950300535097	cosine	24.0	22.0	20.0	0.17715192586642242	0.11260606365924808
-0.6713513110662426	cosine	24.0	10.0	6.0	0.1731361222001596	0.11795090932869162
0.8704326019266901	cosine	24.0	16.0	14.0	0.19929591659972523	0.08622355226943118
-1.0928820203748157	cosine	24.0	20.0	18.0	0.16639299379457437	0.12732468937632635
0.10682946886782252	cosine	24.0	14.0	18.0	0.26154605694066657	0.03668290960514206
0.5239136327651126	cosine	24.0	16.0	18.0	0.23295019131240413	0.055380662873957556
0.4350449036498726	cosine	24.0	12.0	14.0	0.21405857708859377	0.07139933215686703
0.15016627868976637	cosine	24.0	12.0	18.0	0.25738077364734374	0.03903189065418176
-0.354692630007057	cosine	24.0	10.0	6.0	0.3867934644897182	0.004048549572026775
1.1238302686391943	cosine	24.0	2.0	6.0	0.18787111132357742	0.09919213877373323
0.7948664378979123	cosine	24.0	12.0	10.0	0.26572788879963366	0.03444220575113408
-1.5419096915868598	cosine	24.0	16.0	18.0	0.3069026329988816	0.017817847893956983
0.9748021353707017	cosine	24.0	0.0	4.0	0.26154605694066657	0.03668290960514206
-0.7960522482015154	cosine	24.0	20.0	18.0	0.2773216563242906	0.02881195020498228
-0.7671099603191027	cosine	24.0	12.0	8.0	0.24358389806633082	0.04769966180633572
-0.3204793407944308	cosine	24.0	12.0	14.0	0.2952532097773707	0.02162395005989455
-0.9784334416157607	cosine	24.0	18.0	6.0	0.36930244871323964	0.005731632693820295
0.5900943022275622	cosine	24.0	10.0	6.0	0.3425884971194647	0.009504204798824281
0.1754760234822934	cosine	24.0	2.0	4.0	0.11462628461404012	0.21630498612695365
-0.5802295075902322	cosine	24.0	18.0	16.0	0.3290883655048249	0.012131343131205926
-0.7568862082880826	cosine	24.0	10.0	8.0	0.3173972005106735	0.014893695995628085
0.4907630406154499	cosine	24.0	2.0	0.0	0.19929591659972523	0.08622355226943118
-1.6140903900233514	cosine	24.0	16.0	12.0	0.23207607869383093	0.05605319139859437
-1.6410850596176374	cosine	24.0	0.0	2.0	0.2509652283107651	0.042888118888463896
-0.11665676349785557	cosine	24.0	20.0	18.0	0.24034543548105186	0.04994280222373064
-0.8450492633816508	cosine	24.0	18.0	22.0	0.3204860134343379	0.014115833190008366
1.404273701353944	cosine	24.0	2.0	4.0	0.17378823796322213	0.11707097859576515
-0.31948904957757107	cosine	24.0	4.0	2.0	0.23295019131240413	0.055380662873957556
-0.5595259781102204	cosine	24.0	6.0	2.0	0.3204860134343379	0.014115833190008366
-0.6558179921746835	cosine	24.0	18.0	8.0	0.37364893492427953	0.005263710294693397
-0.7748501081067318	cosine	24.0	20.0	2.0	0.2669215718422425	0.03382364878829115
0.07884503370834813	cosine	24.0	12.0	6.0	0.25738077364734374	0.03903189065418176
-0.04195492410687026	cosine	24.0	6.0	8.0	0.22882123757746228	0.05861420943696903
0.10729416999555631	cosine	24.0	14.0	16.0	0.32477853075510776	0.013093115992743426
-0.882200854291195	cosine	24.0	14.0	16.0	0.2952532097773707	0.02162395005989455
1.0951776931304122	cosine	24.0	16.0	18.0	0.24034543548105186	0.04994280222373064
0.7596152533251996	cosine	24.0	20.0	18.0	0.22555494714375637	0.0612756889104502
-0.3726105806128323	cosine	24.0	14.0	8.0	0.24267330086749553	0.0483220815907642
-1.190878368807603	cosine	24.0	18.0	16.0	0.45480751637183664	0.0009240395187704023
0.7412810135198943	cosine	24.0	14.0	12.0	0.22143990733302804	0.06476208627439409
1.010257296772229	cosine	24.0	2.0	4.0	0.21076445880646086	0.0745247925817003
0.6388625235354295	cosine	24.0	4.0	6.0	0.3469225214884106	0.008773600268086433
0.18257369840122453	cosine	24.0	22.0	20.0	0.22143990733302804	0.06476208627439409
2.3730099819897945	cosine	24.0	6.0	4.0	0.19929591659972523	0.08622355226943118
-1.808763979589178	cosine	24.0	2.0	22.0	0.31195233784197063	0.01635477579570562
-2.8316487312417946	cosine	24.0	14.0	18.0	0.23207607869383093	0.05605319139859437
0.2574323822369396	cosine	24.0	18.0	2.0	0.344343136106689	0.009202243653261678
0.7903065537249431	cosine	24.0	8.0	10.0	0.2731092190440679	0.030762062328506853
-0.446266375648779	cosine	24.0	18.0	20.0	0.21076445880646086	0.0745247925817003
0.41325762083641004	cosine	24.0	14.0	10.0	0.20997359500870416	0.07529048637923798
-0.5603954713808463	cosine	24.0	8.0	6.0	0.12548261415538256	0.19515484779068937
0.9350812698402893	cosine	24.0	6.0	8.0	0.2583465585551994	0.03847661585264555
0.6369129350033119	cosine	24.0	10.0	12.0	0.16977059562198815	0.12256654833167985
0.6864561113985695	cosine	24.0	4.0	20.0	0.28886033117174187	0.023990189143146694
0.3292278735842058	cosine	24.0	2.0	8.0	0.26154605694066657	0.03668290960514206
-2.126048472932289	cosine	24.0	2.0	6.0	0.2541785623789577	0.040919829260890266
-2.2301208890323143	cosine	24.0	0.0	20.0	0.2124670414275315	0.07289658589843155
-2.6945833303557456	cosine	24.0	14.0	10.0	0.4309984318599717	0.0015856751406824532
-0.15422813907831376	cosine	24.0	22.0	0.0	0.3883018343330748	0.003926562060915238
-1.7886464489640537	cosine	24.0	10.0	12.0	0.33215986099954203	0.011483852877009561
-0.8836042438950378	cosine	24.0	14.0	18.0	0.2541785623789577	0.040919829260890266
0.8194028633811153	cosine	24.0	4.0	8.0	0.27628104606408443	0.02928387041000692
1.1973916213782632	cosine	24.0	6.0	8.0	0.2731092190440679	0.030762062328506853
0.3426826528989081	cosine	24.0	14.0	12.0	0.33215986099954203	0.011483852877009561
-0.4166040020174666	cosine	24.0	20.0	18.0	0.24774067964969962	0.04493949144849353
-0.23745499145146673	cosine	24.0	8.0	10.0	0.33215986099954203	0.011483852877009561
-0.8104385028025576	cosine	24.0	12.0	10.0	0.2583465585551994	0.03847661585264555
0.845914040233248	cosine	24.0	20.0	18.0	0.16639299379457437	0.12732468937632635
-0.5535236123217578	cosine	24.0	14.0	12.0	0.2731092190440679	0.030762062328506853
0.4179894302518447	cosine	24.0	14.0	16.0	0.1845332561108567	0.10323755908592297
0.06729339364762678	cosine	24.0	18.0	14.0	0.2541785623789577	0.040919829260890266
-0.46832785075604766	cosine	24.0	4.0	6.0	0.21405857708859377	0.07139933215686703
2.0870827710323288	cosine	24.0	4.0	6.0	0.23620256782189655	0.052934139906380795
-0.2539200937466492	cosine	24.0	8.0	16.0	0.3766153684897394	0.004964179797329569
1.5172181096320394	cosine	24.0	20.0	22.0	0.3469225214884106	0.008773600268086433
0.30991962880660007	cosine	24.0	8.0	10.0	0.28049054928850214	0.02741363646522646
-0.06608529173478728	cosine	24.0	8.0	10.0	0.2731092190440679	0.030762062328506853
-0.45254863592683314	cosine	24.0	2.0	0.0	0.28049054928850214	0.02741363646522646
-0.5118163065602134	cosine	24.0	4.0	6.0	0.19191458635529096	0.09444831922890234
-1.03030612654251	cosine	24.0	22.0	20.0	0.22882123757746228	0.05861420943696903
1.3141488307971292	cosine	24.0	0.0	2.0	0.22882123757746228	0.05861420943696903
-1.1627336208917485	cosine	24.0	0.0	2.0	0.28049054928850214	0.02741363646522646
1.5380888389856415	cosine	24.0	16.0	14.0	0.33215986099954203	0.011483852877009561
0.9504989883963234	cosine	24.0	16.0	20.0	0.272088246427192	0.0312508191139719
0.8579218876048003	cosine	24.0	14.0	10.0	0.31311851887262904	0.016031910355278088
0.024455863095710927	cosine	24.0	20.0	22.0	0.16977059562198815	0.12256654833167985
-0.483637852263224	cosine	24.0	6.0	8.0	0.3100158702662392	0.016903200710028324
0.5582712361589441	cosine	24.0	6.0	8.0	0.22143990733302804	0.06476208627439409
-1.604714614437787	cosine	24.0	12.0	14.0	0.2066772468441595	0.07854663026645384
0.0683450770111818	cosine	24.0	2.0	4.0	0.2773216563242906	0.02881195020498228
-1.7441024678496797	cosine	24.0	12.0	10.0	0.2731092190440679	0.030762062328506853
-0.04219055663654964	cosine	24.0	8.0	6.0	0.24358389806633082	0.04769966180633572
0.36750847689978283	cosine	24.0	6.0	4.0	0.6200317405324784	1.0942027890416034e-05
1.1817848680866236	cosine	24.0	18.0	20.0	0.24774067964969962	0.04493949144849353
-1.032241362560818	cosine	24.0	4.0	14.0	0.1758347929055433	0.11433970056138665
1.1196430921301739	cosine	24.0	8.0	12.0	0.16238926537755388	0.1331294177656946
0.5793123854703717	cosine	24.0	4.0	2.0	0.23295019131240413	0.055380662873957556
-0.5426486294043196	cosine	24.0	12.0	8.0	0.19191458635529096	0.09444831922890234
1.1035968574374182	cosine	24.0	8.0	6.0	0.1845332561108567	0.10323755908592297
-0.35570818018157335	cosine	24.0	6.0	8.0	0.22143990733302804	0.06476208627439409
1.6781338854166625	cosine	24.0	12.0	8.0	0.2509652283107651	0.042888118888463896
1.8998982530248494	cosine	24.0	8.0	10.0	0.30263454002180495	0.019140153805216078
0.46546273083665385	cosine	24.0	16.0	14.0	0.1550079351331196	0.14430254111594104
0.17060271263945934	cosine	24.0	22.0	0.0	0.3296902366978937	0.01200202793833976
-0.9592762528443216	cosine	24.0	8.0	6.0	0.22882123757746228	0.05861420943696903
-1.433227804963419	cosine	24.0	2.0	18.0	0.27107863906271257	0.03174043341798899
0.9226700083191487	cosine	24.0	0.0	2.0	0.3616851819772791	0.0066412775630506635
-1.146410134071991	cosine	24.0	18.0	20.0	0.20336921463781313	0.08192052243423542
-0.1375753795418842	cosine	24.0	18.0	20.0	0.2625311679869951	0.03614461188618968
1.1208736728230568	cosine	24.0	10.0	20.0	0.24177284024512205	0.04894394450731348
-0.00046261632991315436	cosine	24.0	22.0	0.0	0.2124670414275315	0.07289658589843155
-1.2489806747118015	cosine	24.0	14.0	20.0	0.26057195278564604	0.03722162304887712
-1.3242924859259033	cosine	24.0	16.0	10.0	0.3088569283768125	0.017238887161647665
-1.8324685708003097	cosine	24.0	16.0	18.0	0.1885787263005176	0.09834961988888624
0.21053846348894106	cosine	24.0	2.0	4.0	0.22555494714375637	0.0612756889104502
1.0364279658984552	cosine	24.0	8.0	22.0	0.27840508876711023	0.028327345676766758
0.29368757832477776	cosine	24.0	6.0	2.0	0.3204860134343379	0.014115833190008366
0.458654907899002	cosine	24.0	12.0	10.0	0.35430385173284484	0.007642194440630212
1.3526065504350562	cosine	24.0	22.0	0.0	0.22711994083632678	0.059988929747551704
-1.9565963286858243	cosine	24.0	14.0	16.0	0.40597316344388473	0.002723822944538488
-0.6244096424803303	cosine	24.0	10.0	6.0	0.20260610044699526	0.0827141103030547
0.34865570372964977	cosine	24.0	18.0	12.0	0.28679571920704017	0.024799403568754007
0.8178860981646279	cosine	24.0	10.0	6.0	0.2541785623789577	0.040919829260890266
0.6412570037431987	cosine	24.0	16.0	18.0	0.3290883655048249	0.012131343131205926
1.0517405305051462	cosine	24.0	20.0	18.0	0.4400170280345411	0.0012961112381875797
0.07077028379411235	cosine	24.0	12.0	14.0	0.30263454002180495	0.019140153805216078
0.5547248093589411	cosine	24.0	14.0	4.0	0.3516695858110866	0.008030305253720312
-0.7785507603978566	cosine	24.0	12.0	16.0	0.24681106781724876	0.04554533424377086
0.3425577479347083	cosine	24.0	12.0	16.0	0.31311851887262904	0.016031910355278088
0.28893064925658285	cosine	24.0	6.0	16.0	0.4395869822638583	0.0013087389029084813
-1.82718651821292	cosine	24.0	12.0	18.0	0.2132583553077991	0.07214917198900778
-0.9464517452884462	cosine	24.0	16.0	18.0	0.33648360967347263	0.010623344634627566
0.09923490200640123	cosine	24.0	14.0	16.0	0.22882123757746228	0.05861420943696903
0.2350957206230152	cosine	24.0	18.0	16.0	0.33648360967347263	0.010623344634627566
-0.14697862068370837	cosine	24.0	22.0	20.0	0.22882123757746228	0.05861420943696903
-0.39925524025574033	cosine	24.0	2.0	18.0	0.344343136106689	0.009202243653261678
-0.12885774476110742	cosine	24.0	6.0	8.0	0.23620256782189655	0.052934139906380795
0.8592224157809099	cosine	24.0	6.0	10.0	0.18787111132357742	0.09919213877373323
-1.6103613530415546	cosine	24.0	16.0	18.0	0.1885787263005176	0.09834961988888624
0.05665307339157379	cosine	24.0	12.0	14.0	0.3616851819772791	0.0066412775630506635
-0.194005229841365	cosine	24.0	6.0	4.0	0.26572788879963366	0.03444220575113408
-0.5749180748641618	cosine	24.0	8.0	10.0	0.33215986099954203	0.011483852877009561
-0.525487756574548	cosine	24.0	12.0	14.0	0.33215986099954203	0.011483852877009561
-1.5001913051985587	cosine	24.0	14.0	18.0	0.45310091554509846	0.0009612986159937434
-0.30997004035684844	cosine	24.0	2.0	22.0	0.22387167774541422	0.06268366142713092
-0.5536401586443188	cosine	24.0	14.0	18.0	0.3204860134343379	0.014115833190008366
-0.11429427982826182	cosine	24.0	10.0	12.0	0.30263454002180495	0.019140153805216078
0.00799961501806338	cosine	24.0	16.0	18.0	0.20336921463781313	0.08192052243423542
0.8616699414724476	cosine	24.0	14.0	6.0	0.47899624536073654	0.0005204805501386956
-0.5625259824966182	cosine	24.0	20.0	18.0	0.17378823796322213	0.11707097859576515
-1.1000295585797888	cosine	24.0	2.0	4.0	0.28471690049293835	0.0256371939762934
-1.8614302447371838	cosine	24.0	14.0	16.0	0.22882123757746228	0.05861420943696903
-0.3621910013400198	cosine	24.0	0.0	18.0	0.18248661327305735	0.10577656874997582
0.20502618339396636	cosine	24.0	0.0	22.0	0.2930579881759055	0.022413223470489428
1.65158511353554	cosine	24.0	0.0	2.0	0.3173972005106735	0.014893695995628085
-0.8531157937866293	cosine	24.0	4.0	2.0	0.19597397046916537	0.08985625322931617
-0.5579506745334347	cosine	24.0	8.0	6.0	0.30263454002180495	0.019140153805216078
0.4715631244036629	cosine	24.0	12.0	10.0	0.26572788879963366	0.03444220575113408
-1.094592372232165	cosine	24.0	18.0	16.0	0.24774067964969962	0.04493949144849353
0.43224619309751094	cosine	24.0	14.0	4.0	0.2930579881759055	0.022413223470489428
-1.2135299483789554	cosine	24.0	18.0	16.0	0.20336921463781313	0.08192052243423542
-0.004221368726271097	cosine	24.0	2.0	4.0	0.40304080719130236	0.0028969453261565256
0.1721362569197331	cosine	24.0	4.0	6.0	0.16238926537755388	0.1331294177656946
0.8177890857946257	cosine	24.0	0.0	4.0	0.4309984318599717	0.0015856751406824532
2.0648988713050804	cosine	24.0	12.0	20.0	0.35899603551548426	0.0069916470137857895
0.7691456718046109	cosine	24.0	0.0	18.0	0.31387697482965865	0.01582487125250307
0.31809177274564343	cosine	24.0	6.0	12.0	0.3162106647667366	0.015202154824326483
-0.33104594979872703	cosine	24.0	22.0	10.0	0.28886033117174187	0.023990189143146694
-1.2147999053853844	cosine	24.0	6.0	8.0	0.19929591659972523	0.08622355226943118
0.12299646320026865	cosine	24.0	14.0	10.0	0.24681106781724876	0.04554533424377086
-1.1450940895081207	cosine	24.0	16.0	18.0	0.28471690049293835	0.0256371939762934
0.5994917053073205	cosine	24.0	18.0	2.0	0.23444639054072441	0.05424431461757581
1.3639786525877575	cosine	24.0	16.0	10.0	0.11765978223878572	0.2102654186756781
-0.4240982632884924	cosine	24.0	14.0	16.0	0.24358389806633082	0.04769966180633572
-0.473303553209655	cosine	24.0	22.0	20.0	0.16238926537755388	0.1331294177656946
-0.24913406008669722	cosine	24.0	14.0	12.0	0.33215986099954203	0.011483852877009561
1.8153471012727334	cosine	24.0	22.0	8.0	0.3296902366978937	0.01200202793833976
1.9150750257014448	cosine	24.0	20.0	22.0	0.2066772468441595	0.07854663026645384
0.48584294581491155	cosine	24.0	0.0	2.0	0.35430385173284484	0.007642194440630212
2.2485725908364973	cosine	24.0	12.0	8.0	0.1550079351331196	0.14430254111594104
2.867904035964492	cosine	24.0	10.0	6.0	0.2983835297492112	0.020539183818460795
1.3484751750984678	cosine	24.0	22.0	18.0	0.3057510243109201	0.018166718113862217
-0.9496576550405043	cosine	24.0	8.0	6.0	0.2509652283107651	0.042888118888463896
2.4406773389100116	cosine	24.0	2.0	0.0	0.3395411912439763	0.010049245916082774
-1.0814086174104007	cosine	24.0	18.0	20.0	0.46220276054048437	0.0007774237502962231
0.5024524861805663	cosine	24.0	4.0	0.0	0.3499559916811736	0.008291978169918663
0.5905022247567643	cosine	24.0	12.0	14.0	0.24358389806633082	0.04769966180633572
-0.2274471736909451	cosine	24.0	14.0	16.0	0.2952532097773707	0.02162395005989455
-1.301946892104471	cosine	24.0	8.0	6.0	0.14762660488868534	0.15609104027542364
1.920951095810183	cosine	24.0	0.0	20.0	0.23444639054072441	0.05424431461757581
-0.2851451703883857	cosine	24.0	14.0	16.0	0.1845332561108567	0.10323755908592297
-0.3397293650751402	cosine	24.0	12.0	14.0	0.19929591659972523	0.08622355226943118
0.11013652120245886	cosine	24.0	2.0	0.0	0.2509652283107651	0.042888118888463896
-1.9348866390646435	cosine	24.0	8.0	10.0	0.3838291727105819	0.00429821088254844
0.8918634814875465	cosine	24.0	8.0	10.0	0.4207358239327533	0.0019860827842088013
1.3278995804117983	cosine	24.0	6.0	0.0	0.26473451003726783	0.034964025382031784
-0.6647829642920542	cosine	24.0	22.0	0.0	0.2124670414275315	0.07289658589843155
0.0796209359671768	cosine	24.0	18.0	20.0	0.21076445880646086	0.0745247925817003
-0.35425010720836964	cosine	24.0	18.0	20.0	0.2773216563242906	0.02881195020498228
-0.16268718536153876	cosine	24.0	12.0	14.0	0.30263454002180495	0.019140153805216078
-0.5393509025289561	cosine	24.0	14.0	16.0	0.21405857708859377	0.07139933215686703
-1.7463832529149153	cosine	24.0	18.0	12.0	0.19119714613802677	0.09527758524409297
2.2109204623738505	cosine	24.0	2.0	8.0	0.18787111132357742	0.09919213877373323
0.8216952207081462	cosine	24.0	10.0	2.0	0.4102811834462677	0.0024863946965112097
1.6561677476470134	cosine	24.0	0.0	20.0	0.32236378699349605	0.013660266883671912
1.191997679867947	cosine	24.0	12.0	14.0	0.33215986099954203	0.011483852877009561
0.24053718758687698	cosine	24.0	18.0	16.0	0.28471690049293835	0.0256371939762934
0.08083596349699193	cosine	24.0	20.0	22.0	0.19929591659972523	0.08622355226943118
-2.036077916163004	cosine	24.0	8.0	6.0	0.22143990733302804	0.06476208627439409
0.4641879975811623	cosine	24.0	8.0	18.0	0.3077108875847008	0.01757642110804049
-1.0171691205891165	cosine	24.0	12.0	18.0	0.37504055588612945	0.005121247717925717
0.5560451782168877	cosine	24.0	12.0	14.0	0.37644784246614765	0.004980681982243198
-1.5617322591763771	cosine	24.0	10.0	12.0	0.2878718795329364	0.024374796195956446
1.9913983478153374	cosine	24.0	18.0	16.0	0.12202152878268788	0.2017571781780051
0.27535125941181376	cosine	24.0	12.0	14.0	0.2066772468441595	0.07854663026645384
-0.8938499011512631	cosine	24.0	16.0	12.0	0.24681106781724876	0.04554533424377086
0.6152982743563293	cosine	24.0	16.0	18.0	0.2625311679869951	0.03614461188618968
0.039827718950004476	cosine	24.0	10.0	8.0	0.35430385173284484	0.007642194440630212
-1.6046960654823408	cosine	24.0	2.0	12.0	0.3559926678902488	0.0074021542409467705
-0.9736389831987227	cosine	24.0	6.0	0.0	0.4265167106155982	0.0017504949338750207
0.7655941856992566	cosine	24.0	0.0	16.0	0.36930244871323964	0.005731632693820295
-0.47445503728373967	cosine	24.0	2.0	22.0	0.319292392850017	0.014412173665151762
0.5277777742848483	cosine	24.0	20.0	18.0	0.3216931213361771	0.01382149916799702
0.485734013897019	cosine	24.0	6.0	4.0	0.30263454002180495	0.019140153805216078
-1.1541429150122893	cosine	24.0	18.0	0.0	0.40877001373164845	0.0025674603998461286
-0.5703065144365077	cosine	24.0	10.0	8.0	0.2731092190440679	0.030762062328506853
1.471693428432762	cosine	24.0	20.0	2.0	0.2961732509482417	0.02130021087103255
-1.274551028803076	cosine	24.0	16.0	14.0	0.1550079351331196	0.14430254111594104
1.3812505429547048	cosine	24.0	10.0	12.0	0.19191458635529096	0.09444831922890234
-1.3546743011951319	cosine	24.0	0.0	22.0	0.46889278108144883	0.0006635662708367486
-0.4779362989479617	cosine	24.0	10.0	14.0	0.26154605694066657	0.03668290960514206
0.07568605517480843	cosine	24.0	0.0	2.0	0.413354493688319	0.00232862927072122
-0.5153647951342815	cosine	24.0	0.0	10.0	0.26057195278564604	0.03722162304887712
-0.4835099725168953	cosine	24.0	14.0	20.0	0.4807736030270371	0.0004984798211842407
2.536508297082311	cosine	24.0	16.0	8.0	0.2815474113952421	0.026960055111695882
0.2309516545803588	cosine	24.0	22.0	20.0	0.28049054928850214	0.02741363646522646
0.22455613019044357	cosine	24.0	16.0	14.0	0.3616851819772791	0.0066412775630506635
-2.0179834597024	cosine	24.0	14.0	12.0	0.4354984844216218	0.001434531998309761
0.185491698765321	cosine	24.0	4.0	2.0	0.24034543548105186	0.04994280222373064
-0.03225592479241466	cosine	24.0	12.0	4.0	0.3327378498307407	0.011365424119290006
-0.6427371755550897	cosine	24.0	10.0	2.0	0.21979349113192914	0.06619938366322035
1.340694487215794	cosine	24.0	14.0	12.0	0.3173972005106735	0.014893695995628085
0.4647410762179055	cosine	24.0	22.0	10.0	0.4424316464782376	0.0012272551162832112
0.300836577946629	cosine	24.0	16.0	14.0	0.3616851819772791	0.0066412775630506635
0.5767113722832699	cosine	24.0	12.0	8.0	0.3100158702662392	0.016903200710028324
0.45653493877703405	cosine	24.0	12.0	4.0	0.25960865206574274	0.037760701669805136
0.33466357801140023	cosine	24.0	12.0	14.0	0.1845332561108567	0.10323755908592297
1.0269163210336336	cosine	24.0	2.0	4.0	0.24774067964969962	0.04493949144849353
0.016829584429372317	cosine	24.0	10.0	8.0	0.30263454002180495	0.019140153805216078
-0.896216183615519	cosine	24.0	18.0	6.0	0.2815474113952421	0.026960055111695882
0.2595005829160042	cosine	24.0	18.0	16.0	0.34387885384212036	0.009281315096840078
-1.9248414510495528	cosine	24.0	8.0	6.0	0.24358389806633082	0.04769966180633572
-0.209183075972213	cosine	24.0	22.0	0.0	0.3956282840374724	0.003379637955668793
-0.20505413351836255	cosine	24.0	16.0	18.0	0.28471690049293835	0.0256371939762934
-1.1372638872395167	cosine	24.0	6.0	8.0	0.3838291727105819	0.00429821088254844
0.3158805383212494	cosine	24.0	14.0	20.0	0.17983134769713602	0.1091374763504191
0.1678581594037904	cosine	24.0	22.0	2.0	0.16515123768104328	0.12910587848568428
-0.04458662089016453	cosine	24.0	12.0	10.0	0.16238926537755388	0.1331294177656946
0.133792807147285	cosine	24.0	2.0	4.0	0.20336921463781313	0.08192052243423542
-0.5443839146688533	cosine	24.0	8.0	6.0	0.3100158702662392	0.016903200710028324
0.7407899360033722	cosine	24.0	22.0	14.0	0.3780128329143879	0.004828409167272734
-0.6164565602207752	cosine	24.0	18.0	16.0	0.33648360967347263	0.010623344634627566
-0.41708373605813504	cosine	24.0	16.0	18.0	0.3586693421794159	0.0070353044355588755
-1.3887087184790272	cosine	24.0	10.0	12.0	0.2509652283107651	0.042888118888463896
1.0570593946123863	cosine	24.0	18.0	20.0	0.2699264121556429	0.03230693818080994
-0.8530832369304662	cosine	24.0	14.0	16.0	0.40597316344388473	0.002723822944538488
-0.2541965720569015	cosine	24.0	20.0	18.0	0.2699264121556429	0.03230693818080994
0.11062693496072162	cosine	24.0	14.0	10.0	0.3204860134343379	0.014115833190008366
0.11745578261469106	cosine	24.0	16.0	18.0	0.3734598305167114	0.005283338852544909
0.9548562988015391	cosine	24.0	8.0	6.0	0.42811715417718754	0.00168992695018417
-1.9222597107381156	cosine	24.0	6.0	4.0	0.2952532097773707	0.02162395005989455
0.628439487603023	cosine	24.0	20.0	14.0	0.37067277790634157	0.005580272880207826
1.9335128492106086	cosine	24.0	12.0	10.0	0.30263454002180495	0.019140153805216078
-1.5201587737654645	cosine	24.0	16.0	12.0	0.4604684101068074	0.0008097444212506255
-0.10126774158782496	cosine	24.0	20.0	0.0	0.26375218935831496	0.03548639977917875
-1.3940532706312314	cosine	24.0	0.0	2.0	0.16977059562198815	0.12256654833167985
-0.7622135204430114	cosine	24.0	18.0	16.0	0.20336921463781313	0.08192052243423542
0.8854771043080146	cosine	24.0	2.0	4.0	0.1885787263005176	0.09834961988888624
2.6974785072961702	cosine	24.0	22.0	20.0	0.4207358239327533	0.0019860827842088013
-0.33083121536048926	cosine	24.0	14.0	0.0	0.4029547337418701	0.0029021736212107687
0.6097406948137896	cosine	24.0	16.0	22.0	0.24177284024512205	0.04894394450731348
0.8964843880074388	cosine	24.0	14.0	12.0	0.2731092190440679	0.030762062328506853
0.6876045163469208	cosine	24.0	4.0	6.0	0.13286394439981683	0.1815197663058417
-1.0064799605264794	cosine	24.0	10.0	12.0	0.16238926537755388	0.1331294177656946
-1.050915337115791	cosine	24.0	22.0	0.0	0.26375218935831496	0.03548639977917875
0.015061292529583933	cosine	24.0	12.0	14.0	0.3469225214884106	0.008773600268086433
0.5386013144020998	cosine	24.0	22.0	18.0	0.27628104606408443	0.02928387041000692
-0.3282679032754217	cosine	24.0	6.0	8.0	0.2583465585551994	0.03847661585264555
0.2184936580312046	cosine	24.0	18.0	22.0	0.2173410895704131	0.0683859475317161
-1.2390061238818892	cosine	24.0	0.0	20.0	0.21979349113192914	0.06619938366322035
0.14011210849342517	cosine	24.0	6.0	10.0	0.3204860134343379	0.014115833190008366
2.188621398045119	cosine	24.0	18.0	20.0	0.24034543548105186	0.04994280222373064
-0.49412401999422007	cosine	24.0	20.0	18.0	0.24034543548105186	0.04994280222373064
-0.44039884223145187	cosine	24.0	16.0	18.0	0.12941677295133563	0.18781168020979827
0.5153211885100979	cosine	24.0	8.0	10.0	0.3100158702662392	0.016903200710028324
0.8594754640791066	cosine	24.0	0.0	2.0	0.28049054928850214	0.02741363646522646
0.7428808737729982	cosine	24.0	4.0	6.0	0.30263454002180495	0.019140153805216078
-0.8168504608394995	cosine	24.0	20.0	12.0	0.27107863906271257	0.03174043341798899
0.3722108548406782	cosine	24.0	22.0	20.0	0.28049054928850214	0.02741363646522646
1.7228649725291094	cosine	24.0	8.0	10.0	0.2583465585551994	0.03847661585264555
-0.21011979379974846	cosine	24.0	14.0	4.0	0.30038443788030317	0.01987023624788583
-0.154856225849891	cosine	24.0	12.0	0.0	0.24498281251274312	0.04675598822900129
-0.5654464676534099	cosine	24.0	12.0	16.0	0.5120408720387698	0.00022792703318670894
-0.1385398412130864	cosine	24.0	6.0	8.0	0.16238926537755388	0.1331294177656946
1.0272180310261876	cosine	24.0	12.0	16.0	0.29101603518750224	0.023169067299739072
-1.0946916079937283	cosine	24.0	2.0	6.0	0.20260610044699526	0.0827141103030547
0.9316973883667496	cosine	24.0	0.0	22.0	0.3077108875847008	0.01757642110804049
-0.5915596121991201	cosine	24.0	16.0	18.0	0.18118348213186988	0.10741654185240362
-0.5594479534415946	cosine	24.0	8.0	6.0	0.16977059562198815	0.12256654833167985
1.7420262423415762	cosine	24.0	14.0	12.0	0.23620256782189655	0.052934139906380795
-0.6145591598460312	cosine	24.0	2.0	4.0	0.29211214466158614	0.02276070879876716
-1.0714268945068062	cosine	24.0	2.0	4.0	0.23295019131240413	0.055380662873957556
0.45177568180382205	cosine	24.0	8.0	10.0	0.2952532097773707	0.02162395005989455
-1.212651438737533	cosine	24.0	10.0	14.0	0.27628104606408443	0.02928387041000692
1.4703995345128695	cosine	24.0	6.0	2.0	0.40152845361313605	0.0029900564410862453
0.034152877443338975	cosine	24.0	20.0	18.0	0.14420726128863112	0.16176125330350544
1.025787243919428	cosine	24.0	10.0	4.0	0.1985508825279509	0.08702857063002639
-0.6301937650119651	cosine	24.0	18.0	16.0	0.38825031885400685	0.003930673389220724
0.480381414075037	cosine	24.0	10.0	12.0	0.2878718795329364	0.024374796195956446
-0.9934732323717246	cosine	24.0	10.0	8.0	0.14762660488868534	0.15609104027542364
0.5269395279261725	cosine	24.0	4.0	2.0	0.1885787263005176	0.09834961988888624
0.5255072316166095	cosine	24.0	18.0	6.0	0.21573113340674394	0.06985141207676396
0.5428885444053609	cosine	24.0	16.0	12.0	0.2689135515023755	0.032811789040382046
-0.8924023559816954	cosine	24.0	8.0	12.0	0.23620256782189655	0.052934139906380795
-1.5590171747022035	cosine	24.0	18.0	20.0	0.3290883655048249	0.012131343131205926
0.9271699418509991	cosine	24.0	0.0	2.0	0.1550079351331196	0.14430254111594104
-0.6900439400107857	cosine	24.0	12.0	10.0	0.3838291727105819	0.00429821088254844
-0.207483253286286	cosine	24.0	16.0	14.0	0.28049054928850214	0.02741363646522646
-0.3860823905230127	cosine	24.0	0.0	2.0	0.32477853075510776	0.013093115992743426
-0.9665343759186616	cosine	24.0	4.0	8.0	0.3720584753663004	0.005430836150817805
-0.05542409459286339	cosine	24.0	0.0	22.0	0.30038443788030317	0.01987023624788583
1.7287471353788337	cosine	24.0	10.0	6.0	0.3941609590514271	0.003483349956988493
-0.37865343673122726	cosine	24.0	16.0	20.0	0.29414945559696426	0.022017809811881017
-0.18085302694336303	cosine	24.0	18.0	10.0	0.30038443788030317	0.01987023624788583
0.07625514560221289	cosine	24.0	14.0	20.0	0.1578111826729969	0.13998700405089382
0.11907032189508264	cosine	24.0	18.0	22.0	0.40152845361313605	0.0029900564410862453
0.5544442311756502	cosine	24.0	18.0	22.0	0.23944357325553983	0.05058223589567321
-0.5892361645619348	cosine	24.0	4.0	2.0	0.46220276054048437	0.0007774237502962231
0.9947913197668495	cosine	24.0	0.0	20.0	0.3370166864022913	0.010521242945149252
-0.36217677826664485	cosine	24.0	10.0	2.0	0.36632248521988187	0.006073423898817913
-0.24229003358470186	cosine	24.0	8.0	6.0	0.19191458635529096	0.09444831922890234
-0.03063150672150094	cosine	24.0	0.0	2.0	0.28049054928850214	0.02741363646522646
-0.6441603434674625	cosine	24.0	0.0	22.0	0.16850834320114566	0.12432991439258562
0.8185606975025278	cosine	24.0	16.0	12.0	0.3352210025577558	0.010868624632020605
-0.5822182716001087	cosine	24.0	20.0	4.0	0.4058670475957386	0.0027299213020319725
-1.8123551575272685	cosine	24.0	2.0	4.0	0.16639299379457437	0.12732468937632635
-0.5309596828940641	cosine	24.0	12.0	10.0	0.3838291727105819	0.00429821088254844
0.9450857657197766	cosine	24.0	2.0	0.0	0.21405857708859377	0.07139933215686703
0.44329844455747475	cosine	24.0	16.0	6.0	0.27107863906271257	0.03174043341798899
1.3290758257530126	cosine	24.0	4.0	2.0	0.2699264121556429	0.03230693818080994
-0.9804360766521341	cosine	24.0	12.0	0.0	0.4424316464782376	0.0012272551162832112
0.4649445587763659	cosine	24.0	8.0	10.0	0.1845332561108567	0.10323755908592297
-0.4639288655241497	cosine	24.0	10.0	12.0	0.17715192586642242	0.11260606365924808
0.37379428377524354	cosine	24.0	10.0	4.0	0.16913593696825446	0.12345096069325179
1.6250872894452781	cosine	24.0	8.0	6.0	0.2952532097773707	0.02162395005989455
0.9593248436060917	cosine	24.0	20.0	22.0	0.3100158702662392	0.016903200710028324
1.60508994260565	cosine	24.0	8.0	6.0	0.26572788879963366	0.03444220575113408
-0.4396002049588416	cosine	24.0	8.0	20.0	0.31811201027774105	0.014710479506912271
1.0699523126204624	cosine	24.0	14.0	16.0	0.17715192586642242	0.11260606365924808
0.4627933565677214	cosine	24.0	12.0	10.0	0.26572788879963366	0.03444220575113408
1.984551983694337	cosine	24.0	4.0	8.0	0.20997359500870416	0.07529048637923798
2.3957772992511677	cosine	24.0	10.0	12.0	0.2878718795329364	0.024374796195956446
0.1319932351432201	cosine	24.0	12.0	16.0	0.3573234862428825	0.0072177043070196685
-2.5668912928529006	cosine	24.0	0.0	22.0	0.1978141420187362	0.0878301350644845
0.13321878194278727	cosine	24.0	12.0	4.0	0.25960865206574274	0.037760701669805136
1.336857293580113	cosine	24.0	20.0	22.0	0.30263454002180495	0.019140153805216078
1.7202944308699726	cosine	24.0	10.0	14.0	0.23207607869383093	0.05605319139859437
1.144329418688476	cosine	24.0	20.0	12.0	0.27107863906271257	0.03174043341798899
1.151293216104272	cosine	24.0	18.0	6.0	0.22304405318324375	0.06338511299725048
0.48962555565609434	cosine	24.0	16.0	12.0	0.3941609590514271	0.003483349956988493
-0.39411115119357304	cosine	24.0	12.0	4.0	0.20841821363024415	0.0768138415244357
0.6260075146215623	cosine	24.0	0.0	2.0	0.28049054928850214	0.02741363646522646
-0.19136343084906204	cosine	24.0	2.0	20.0	0.20841821363024415	0.0768138415244357
1.1301770433352354	cosine	24.0	14.0	16.0	0.2952532097773707	0.02162395005989455
-1.5178988125205295	cosine	24.0	10.0	14.0	0.23207607869383093	0.05605319139859437
0.6002760102963021	cosine	24.0	4.0	2.0	0.21815970297510862	0.06764995867882109
-0.7883948679580062	cosine	24.0	2.0	22.0	0.2752520628017388	0.029756812538456148
-1.1665867661225617	cosine	24.0	18.0	14.0	0.2983835297492112	0.020539183818460795
-2.2736570770153963	cosine	24.0	22.0	0.0	0.35899603551548426	0.0069916470137857895
-0.354374773820515	cosine	24.0	18.0	16.0	0.2773216563242906	0.02881195020498228
0.45051629878303623	cosine	24.0	20.0	18.0	0.19597397046916537	0.08985625322931617
-1.9033374178028686	cosine	24.0	14.0	8.0	0.272088246427192	0.0312508191139719
-0.9998894954755344	cosine	24.0	12.0	22.0	0.38097538462867714	0.004551476929324292
0.5930317356171044	cosine	24.0	2.0	14.0	0.5009350046902359	0.0003024490870332949
0.09097895043696055	cosine	24.0	4.0	20.0	0.34736368938374024	0.008702066626578324
