ID	Waveform	Period	Phase	Nadir	Tau	P
0.3090006254459848	cosine	24.0	2.0	22.0	0.23855178776150696	0.051220920739073736
0.8918560974552712	cosine	24.0	14.0	16.0	0.2066772468441595	0.07854663026645384
-0.756219711800252	cosine	24.0	18.0	12.0	0.26473451003726783	0.034964025382031784
-1.666289458036381	cosine	24.0	0.0	22.0	0.16118189349674802	0.13491510064665357
1.0367686957030657	cosine	24.0	2.0	22.0	0.19451145771322875	0.09149116941576257
0.6799322011297159	cosine	24.0	8.0	12.0	0.32477853075510776	0.013093115992743426
-1.0278002521368315	cosine	24.0	6.0	10.0	0.15103363851503282	0.15057309273890357
-0.2354549930064175	cosine	24.0	18.0	20.0	0.20336921463781313	0.08192052243423542
-0.8710201176061093	cosine	24.0	22.0	18.0	0.2689135515023755	0.032811789040382046
0.11161848114217526	cosine	24.0	12.0	16.0	0.3867934644897182	0.004048549572026775
-0.24135526574342345	cosine	24.0	14.0	12.0	0.2509652283107651	0.042888118888463896
1.599546231790988	cosine	24.0	2.0	0.0	0.23620256782189655	0.052934139906380795
0.368532810586538	cosine	24.0	22.0	16.0	0.2857315384715079	0.025225367793130095
-0.890044192207535	cosine	24.0	16.0	14.0	0.30263454002180495	0.019140153805216078
-1.648538278146053	cosine	24.0	16.0	14.0	0.2952532097773707	0.02162395005989455
2.4754436485073534	cosine	24.0	8.0	14.0	0.29414945559696426	0.022017809811881017
-1.1681471445449263	cosine	24.0	4.0	2.0	0.4326217838658934	0.0015295535381500524
0.09897007736440244	cosine	24.0	10.0	12.0	0.22882123757746228	0.05861420943696903
-0.039075732078211724	cosine	24.0	22.0	18.0	0.2541785623789577	0.040919829260890266
-0.17392775799412602	cosine	24.0	12.0	8.0	0.21405857708859377	0.07139933215686703
1.4311977196716426	cosine	24.0	6.0	12.0	0.3971017650559018	0.0032782919758639786
-0.9351341657207966	cosine	24.0	6.0	4.0	0.3173972005106735	0.014893695995628085
0.2133685146936847	cosine	24.0	0.0	2.0	0.23620256782189655	0.052934139906380795
-0.11032954925096096	cosine	24.0	10.0	12.0	0.1845332561108567	0.10323755908592297
0.39896293722397397	cosine	24.0	14.0	18.0	0.2983835297492112	0.020539183818460795
0.1743709595279988	cosine	24.0	4.0	16.0	0.28886033117174187	0.023990189143146694
0.027188763461479748	cosine	24.0	2.0	14.0	0.36198952893673986	0.006602618688996535
1.8730244539560021	cosine	24.0	20.0	0.0	0.22711994083632678	0.059988929747551704
0.0980518589551021	cosine	24.0	14.0	16.0	0.2731092190440679	0.030762062328506853
1.832696229349715	cosine	24.0	18.0	16.0	0.13681201711998336	0.1744777691802858
-2.902510936297509	cosine	24.0	12.0	8.0	0.28049054928850214	0.02741363646522646
1.0361571499368403	cosine	24.0	4.0	2.0	0.3142978771675294	0.015710968084713377
0.40665747940655445	cosine	24.0	4.0	2.0	0.21076445880646086	0.0745247925817003
-0.6417751937089231	cosine	24.0	14.0	20.0	0.43673327297875886	0.0013954236360342212
0.14830115168764255	cosine	24.0	8.0	10.0	0.19929591659972523	0.08622355226943118
-0.4909195305309137	cosine	24.0	0.0	2.0	0.40597316344388473	0.002723822944538488
0.9059754026032757	cosine	24.0	20.0	18.0	0.1885787263005176	0.09834961988888624
-0.2846981093959423	cosine	24.0	0.0	22.0	0.32236378699349605	0.013660266883671912
-0.36235456807102845	cosine	24.0	12.0	10.0	0.2731092190440679	0.030762062328506853
-0.954867769647115	cosine	24.0	0.0	22.0	0.23444639054072441	0.05424431461757581
-0.3808864287787537	cosine	24.0	8.0	10.0	0.3173972005106735	0.014893695995628085
-0.5224051032799364	cosine	24.0	4.0	6.0	0.1845332561108567	0.10323755908592297
-1.2732864739281566	cosine	24.0	20.0	12.0	0.27840508876711023	0.028327345676766758
-1.5651580843208086	cosine	24.0	20.0	22.0	0.2952532097773707	0.02162395005989455
0.3452280663921909	cosine	24.0	8.0	2.0	0.2689135515023755	0.032811789040382046
0.8484517300415954	cosine	24.0	0.0	18.0	0.22628340045859113	0.060674086869963784
-1.5138649516584197	cosine	24.0	16.0	14.0	0.2066772468441595	0.07854663026645384
0.8631704723117195	cosine	24.0	0.0	6.0	0.2206120916977232	0.06548169886148832
-0.3094537448282346	cosine	24.0	6.0	4.0	0.2066772468441595	0.07854663026645384
-0.2881886934920723	cosine	24.0	22.0	0.0	0.4029547337418701	0.0029021736212107687
0.9783126303702494	cosine	24.0	16.0	0.0	0.20841821363024415	0.0768138415244357
-0.256141091053828	cosine	24.0	22.0	12.0	0.2857315384715079	0.025225367793130095
1.0723399298649112	cosine	24.0	16.0	0.0	0.35467660916024	0.007588630934130401
-0.18930729777171798	cosine	24.0	10.0	8.0	0.19929591659972523	0.08622355226943118
2.0192193584051625	cosine	24.0	22.0	18.0	0.3720584753663004	0.005430836150817805
0.7960295938933701	cosine	24.0	2.0	22.0	0.2091915677293215	0.0760535074706188
-0.42282286826834875	cosine	24.0	0.0	22.0	0.27107863906271257	0.03174043341798899
0.10656398409249554	cosine	24.0	10.0	14.0	0.20997359500870416	0.07529048637923798
-0.5318638843913877	cosine	24.0	20.0	2.0	0.464370405807737	0.0007386992480856522
0.10534471930239826	cosine	24.0	12.0	10.0	0.24358389806633082	0.04769966180633572
2.137753783745294	cosine	24.0	16.0	22.0	0.3296902366978937	0.01200202793833976
-0.7493637358014206	cosine	24.0	20.0	22.0	0.17715192586642242	0.11260606365924808
-1.8580100885515491	cosine	24.0	8.0	4.0	0.3941609590514271	0.003483349956988493
-0.3516204092461316	cosine	24.0	14.0	4.0	0.2564257396539173	0.03958738267049287
0.7388279825877444	cosine	24.0	16.0	14.0	0.16238926537755388	0.1331294177656946
-0.5211689244217259	cosine	24.0	20.0	8.0	0.36930244871323964	0.005731632693820295
-1.2692266512801107	cosine	24.0	22.0	18.0	0.3867934644897182	0.004048549572026775
-1.7992100304284673	cosine	24.0	12.0	14.0	0.2583465585551994	0.03847661585264555
0.2971937783293017	cosine	24.0	14.0	6.0	0.23766989273624334	0.0518588158081891
0.5036151502763694	cosine	24.0	4.0	2.0	0.17378823796322213	0.11707097859576515
0.5465885502821481	cosine	24.0	20.0	4.0	0.19379237407724456	0.09230305894119695
-0.6734702380260836	cosine	24.0	4.0	6.0	0.26572788879963366	0.03444220575113408
-0.6092009322588137	cosine	24.0	10.0	14.0	0.26154605694066657	0.03668290960514206
-0.40989001928060964	cosine	24.0	18.0	20.0	0.3290883655048249	0.012131343131205926
1.8409617113452643	cosine	24.0	18.0	16.0	0.38825031885400685	0.003930673389220724
-1.1138524318162581	cosine	24.0	4.0	20.0	0.44974456625473735	0.0010386295837084391
2.187947602806916	cosine	24.0	14.0	12.0	0.3838291727105819	0.00429821088254844
-0.6483238526220937	cosine	24.0	16.0	14.0	0.32477853075510776	0.013093115992743426
0.02716886268943225	cosine	24.0	20.0	22.0	0.3912105029550162	0.003700585778126575
-1.527758065804167	cosine	24.0	14.0	16.0	0.2731092190440679	0.030762062328506853
-0.9975589086358063	cosine	24.0	16.0	12.0	0.20997359500870416	0.07529048637923798
-1.2879799346179657	cosine	24.0	10.0	8.0	0.22882123757746228	0.05861420943696903
0.6505871123645917	cosine	24.0	22.0	2.0	0.23855178776150696	0.051220920739073736
-1.0856601937825185	cosine	24.0	12.0	10.0	0.2878718795329364	0.024374796195956446
-1.8008921278204415	cosine	24.0	20.0	22.0	0.2583465585551994	0.03847661585264555
-1.1557739590695848	cosine	24.0	0.0	4.0	0.18787111132357742	0.09919213877373323
-0.1300172976263643	cosine	24.0	14.0	16.0	0.22882123757746228	0.05861420943696903
-0.44460618995091095	cosine	24.0	12.0	4.0	0.2669215718422425	0.03382364878829115
1.6586655953813796	cosine	24.0	6.0	8.0	0.2509652283107651	0.042888118888463896
-1.141141036631604	cosine	24.0	0.0	20.0	0.344343136106689	0.009202243653261678
1.6689627115623362	cosine	24.0	20.0	18.0	0.35127409801076814	0.008090044838256295
-1.037621705001845	cosine	24.0	16.0	6.0	0.2490992899495197	0.04406574993045694
0.45092036564537635	cosine	24.0	22.0	20.0	0.2583465585551994	0.03847661585264555
1.5515445191153194	cosine	24.0	16.0	14.0	0.32477853075510776	0.013093115992743426
1.4356691791104963	cosine	24.0	8.0	10.0	0.2878718795329364	0.024374796195956446
1.2823773849996531	cosine	24.0	14.0	16.0	0.1845332561108567	0.10323755908592297
0.3434624622060503	cosine	24.0	10.0	12.0	0.33215986099954203	0.011483852877009561
-0.6346456003582526	cosine	24.0	20.0	6.0	0.21979349113192914	0.06619938366322035
1.0881394152189217	cosine	24.0	0.0	2.0	0.1550079351331196	0.14430254111594104
1.0232974470528915	cosine	24.0	18.0	16.0	0.3660645863480636	0.006103836469221554
-0.06536667188853869	cosine	24.0	20.0	18.0	0.3216931213361771	0.01382149916799702
-0.5631000763050971	cosine	24.0	2.0	4.0	0.20336921463781313	0.08192052243423542
-0.05244733652607616	cosine	24.0	0.0	2.0	0.2583465585551994	0.03847661585264555
-2.2525922992871963	cosine	24.0	22.0	20.0	0.26572788879963366	0.03444220575113408
-1.0278541433374673	cosine	24.0	14.0	4.0	0.36632248521988187	0.006073423898817913
0.48904851980678327	cosine	24.0	12.0	14.0	0.33215986099954203	0.011483852877009561
0.2864331685109425	cosine	24.0	8.0	6.0	0.17715192586642242	0.11260606365924808
0.8838584006525173	cosine	24.0	10.0	8.0	0.4207358239327533	0.0019860827842088013
0.8838861386788189	cosine	24.0	10.0	14.0	0.20260610044699526	0.0827141103030547
-1.2502380063246188	cosine	24.0	14.0	18.0	0.37942596992800925	0.004694491835707916
0.7893990568962863	cosine	24.0	12.0	10.0	0.2066772468441595	0.07854663026645384
0.854872393237997	cosine	24.0	2.0	4.0	0.2551359238183474	0.04034778682105685
0.538920487010816	cosine	24.0	8.0	10.0	0.16977059562198815	0.12256654833167985
0.1018969664885257	cosine	24.0	12.0	10.0	0.2066772468441595	0.07854663026645384
0.8304205288267497	cosine	24.0	20.0	18.0	0.24774067964969962	0.04493949144849353
-0.3314736419229852	cosine	24.0	22.0	20.0	0.39859183319945046	0.003178592823322213
-3.2516166316642066	cosine	24.0	18.0	16.0	0.22555494714375637	0.0612756889104502
0.42404875264975955	cosine	24.0	16.0	18.0	0.18118348213186988	0.10741654185240362
-0.27273347629615646	cosine	24.0	22.0	20.0	0.3395411912439763	0.010049245916082774
-1.4518999626863687	cosine	24.0	16.0	2.0	0.31195233784197063	0.01635477579570562
0.5244599242580729	cosine	24.0	22.0	20.0	0.3838291727105819	0.00429821088254844
1.090915417730815	cosine	24.0	0.0	22.0	0.23444639054072441	0.05424431461757581
0.01499446203381291	cosine	24.0	6.0	8.0	0.28049054928850214	0.02741363646522646
0.055699885820715604	cosine	24.0	4.0	6.0	0.22143990733302804	0.06476208627439409
1.0040724731506372	cosine	24.0	0.0	22.0	0.22711994083632678	0.059988929747551704
-1.3327646576908192	cosine	24.0	8.0	6.0	0.30263454002180495	0.019140153805216078
0.18626235746210373	cosine	24.0	2.0	20.0	0.2669215718422425	0.03382364878829115
-1.0888783323578233	cosine	24.0	10.0	8.0	0.35430385173284484	0.007642194440630212
0.746989912718507	cosine	24.0	10.0	12.0	0.3616851819772791	0.0066412775630506635
-0.9269055083387964	cosine	24.0	18.0	16.0	0.12941677295133563	0.18781168020979827
0.7149691672788502	cosine	24.0	12.0	10.0	0.413354493688319	0.00232862927072122
-0.8005530141062145	cosine	24.0	22.0	20.0	0.1845332561108567	0.10323755908592297
1.2166172905004493	cosine	24.0	8.0	4.0	0.2173410895704131	0.0683859475317161
-0.5227656149628065	cosine	24.0	16.0	6.0	0.3883018343330748	0.003926562060915238
0.6498919415148857	cosine	24.0	18.0	12.0	0.24267330086749553	0.0483220815907642
-0.6953876365491037	cosine	24.0	4.0	0.0	0.224708584132122	0.06198051021301793
0.9188354965817329	cosine	24.0	10.0	14.0	0.5194083666004787	0.00018835979999821058
0.18452603944940094	cosine	24.0	6.0	8.0	0.12548261415538256	0.19515484779068937
-2.708082902758874	cosine	24.0	20.0	18.0	0.23295019131240413	0.055380662873957556
0.7672185620288927	cosine	24.0	22.0	0.0	0.2490992899495197	0.04406574993045694
0.9320220903000113	cosine	24.0	4.0	0.0	0.32785350799604684	0.012400444227444124
0.3422758974398382	cosine	24.0	18.0	20.0	0.24774067964969962	0.04493949144849353
0.6622863636420517	cosine	24.0	6.0	0.0	0.41180923783574996	0.0024067837772616878
-2.044261888292122	cosine	24.0	2.0	4.0	0.2625311679869951	0.03614461188618968
-1.0881462040428749	cosine	24.0	18.0	16.0	0.18118348213186988	0.10741654185240362
-0.578897111382543	cosine	24.0	20.0	22.0	0.24358389806633082	0.04769966180633572
-0.35918989783337774	cosine	24.0	12.0	10.0	0.32477853075510776	0.013093115992743426
0.09068229537836912	cosine	24.0	2.0	4.0	0.4178312955285979	0.0021150055896341437
-0.15924639750179126	cosine	24.0	14.0	12.0	0.19929591659972523	0.08622355226943118
-0.5853892984417334	cosine	24.0	10.0	8.0	0.2952532097773707	0.02162395005989455
-0.8995079922580761	cosine	24.0	0.0	20.0	0.2930579881759055	0.022413223470489428
0.3213533938508082	cosine	24.0	0.0	20.0	0.31503733728909844	0.015512560718579184
1.1747729404769947	cosine	24.0	0.0	4.0	0.19523860588528633	0.09067556890797257
1.7762572161438495	cosine	24.0	14.0	12.0	0.19929591659972523	0.08622355226943118
-1.2301176020293108	cosine	24.0	4.0	8.0	0.3941609590514271	0.003483349956988493
-0.9330623693809628	cosine	24.0	20.0	2.0	0.2742344916187423	0.030230724316061157
1.6042943022167107	cosine	24.0	6.0	22.0	0.2669215718422425	0.03382364878829115
1.2621190677596261	cosine	24.0	18.0	0.0	0.29197858123689174	0.02281014142487492
1.4173647717473332	cosine	24.0	2.0	0.0	0.2583465585551994	0.03847661585264555
-0.4830021646943195	cosine	24.0	8.0	6.0	0.3173972005106735	0.014893695995628085
-0.05386397007352894	cosine	24.0	22.0	20.0	0.2066772468441595	0.07854663026645384
0.15186154783528727	cosine	24.0	16.0	14.0	0.19929591659972523	0.08622355226943118
-0.8302668938376352	cosine	24.0	6.0	22.0	0.2961732509482417	0.02130021087103255
0.2235530762708043	cosine	24.0	0.0	6.0	0.28679571920704017	0.024799403568754007
1.2764280799570384	cosine	24.0	16.0	18.0	0.1885787263005176	0.09834961988888624
0.03950766697415715	cosine	24.0	0.0	2.0	0.28049054928850214	0.02741363646522646
0.2902327727985435	cosine	24.0	22.0	0.0	0.2930579881759055	0.022413223470489428
-1.6405399554536026	cosine	24.0	18.0	20.0	0.29950738883023387	0.02016114215609676
1.7007743028486015	cosine	24.0	4.0	22.0	0.2408823295204357	0.049565208125727844
-0.7169085366849051	cosine	24.0	10.0	12.0	0.30263454002180495	0.019140153805216078
-0.5387039002926162	cosine	24.0	2.0	4.0	0.22555494714375637	0.0612756889104502
-0.22789392869296163	cosine	24.0	16.0	14.0	0.2878718795329364	0.024374796195956446
1.2233587893379616	cosine	24.0	12.0	14.0	0.23620256782189655	0.052934139906380795
1.1871160734540889	cosine	24.0	18.0	20.0	0.2625311679869951	0.03614461188618968
-0.5486127289205109	cosine	24.0	4.0	2.0	0.3216931213361771	0.01382149916799702
-0.564933417345527	cosine	24.0	2.0	4.0	0.19597397046916537	0.08985625322931617
-1.3869383044109054	cosine	24.0	22.0	0.0	0.27107863906271257	0.03174043341798899
1.297035113851388	cosine	24.0	20.0	14.0	0.2899321728178315	0.023578911023083498
1.0214707617892986	cosine	24.0	0.0	22.0	0.4395869822638583	0.0013087389029084813
0.5983113637445473	cosine	24.0	10.0	14.0	0.3204860134343379	0.014115833190008366
-1.4401546494900213	cosine	24.0	10.0	8.0	0.11810128391094828	0.20939473758024713
0.5393405711079693	cosine	24.0	0.0	2.0	0.3690665122217134	0.00575805764378841
0.4850461626585466	cosine	24.0	2.0	0.0	0.30263454002180495	0.019140153805216078
0.012221568070537649	cosine	24.0	6.0	4.0	0.3912105029550162	0.003700585778126575
1.119140723608498	cosine	24.0	18.0	16.0	0.3290883655048249	0.012131343131205926
1.5304901905661281	cosine	24.0	10.0	8.0	0.3395411912439763	0.010049245916082774
0.43392864303987055	cosine	24.0	8.0	10.0	0.19191458635529096	0.09444831922890234
0.9055795267906938	cosine	24.0	0.0	2.0	0.3838291727105819	0.00429821088254844
-0.1486952296627136	cosine	24.0	20.0	18.0	0.3216931213361771	0.01382149916799702
-0.9581170150496902	cosine	24.0	22.0	20.0	0.14762660488868534	0.15609104027542364
-0.0640807198059196	cosine	24.0	12.0	14.0	0.33215986099954203	0.011483852877009561
0.512978956850691	cosine	24.0	12.0	14.0	0.17715192586642242	0.11260606365924808
0.7004760026218089	cosine	24.0	14.0	0.0	0.27107863906271257	0.03174043341798899
1.2031041037719956	cosine	24.0	8.0	6.0	0.1550079351331196	0.14430254111594104
-1.848498330059883	cosine	24.0	20.0	22.0	0.2731092190440679	0.030762062328506853
1.0512078206983868	cosine	24.0	18.0	12.0	0.20590461891787498	0.07932505515945215
-0.3205161989911284	cosine	24.0	6.0	8.0	0.35430385173284484	0.007642194440630212
0.6029357633837276	cosine	24.0	22.0	20.0	0.2583465585551994	0.03847661585264555
-1.627361712334024	cosine	24.0	4.0	6.0	0.3173972005106735	0.014893695995628085
-0.15442508297767657	cosine	24.0	20.0	16.0	0.28679571920704017	0.024799403568754007
-0.10990338713349113	cosine	24.0	4.0	6.0	0.23620256782189655	0.052934139906380795
0.731473010498033	cosine	24.0	14.0	10.0	0.28364854062579337	0.02607689362942387
-0.34403222117144566	cosine	24.0	14.0	18.0	0.4236309372982628	0.0018647196863375262
-0.19771660341869587	cosine	24.0	12.0	18.0	0.28679571920704017	0.024799403568754007
-1.3931986590752075	cosine	24.0	12.0	10.0	0.23620256782189655	0.052934139906380795
1.704552703908707	cosine	24.0	6.0	10.0	0.4236309372982628	0.0018647196863375262
-0.4529844471940078	cosine	24.0	22.0	14.0	0.4954537130431298	0.00034706964223692746
0.07839952965387412	cosine	24.0	0.0	2.0	0.1845332561108567	0.10323755908592297
-0.9720255455731918	cosine	24.0	22.0	4.0	0.3868716201388816	0.004042146445564905
0.23847036677246164	cosine	24.0	2.0	22.0	0.3780128329143879	0.004828409167272734
-0.7128016526393033	cosine	24.0	18.0	16.0	0.3216931213361771	0.01382149916799702
0.8670866128662699	cosine	24.0	16.0	18.0	0.35127409801076814	0.008090044838256295
0.11214204103735737	cosine	24.0	6.0	8.0	0.42811715417718754	0.00168992695018417
-0.7469343183721985	cosine	24.0	6.0	4.0	0.3100158702662392	0.016903200710028324
0.6587924776202769	cosine	24.0	0.0	2.0	0.22143990733302804	0.06476208627439409
0.4884736784742241	cosine	24.0	12.0	10.0	0.21405857708859377	0.07139933215686703
-1.4221623071171319	cosine	24.0	8.0	6.0	0.3616851819772791	0.0066412775630506635
1.0704462624217266	cosine	24.0	12.0	14.0	0.24358389806633082	0.04769966180633572
-0.27889842222745	cosine	24.0	0.0	6.0	0.49270033812491515	0.00037172395509494575
0.14699472829851767	cosine	24.0	18.0	16.0	0.2625311679869951	0.03614461188618968
0.6200244165891076	cosine	24.0	12.0	4.0	0.2961732509482417	0.02130021087103255
-1.5493298127000787	cosine	24.0	0.0	22.0	0.2124670414275315	0.07289658589843155
-0.6074455796377772	cosine	24.0	0.0	2.0	0.30263454002180495	0.019140153805216078
0.11553161243996933	cosine	24.0	16.0	14.0	0.19929591659972523	0.08622355226943118
-1.0535961689089957	cosine	24.0	4.0	6.0	0.16238926537755388	0.1331294177656946
-1.7892109856241816	cosine	24.0	0.0	2.0	0.26572788879963366	0.03444220575113408
-0.49375353250707293	cosine	24.0	4.0	2.0	0.2773216563242906	0.02881195020498228
-1.448834099672064	cosine	24.0	2.0	4.0	0.19597397046916537	0.08985625322931617
0.39228643882167796	cosine	24.0	4.0	0.0	0.4088959481748449	0.002560614606221767
0.16873614617558863	cosine	24.0	18.0	6.0	0.2669215718422425	0.03382364878829115
0.8198075793669413	cosine	24.0	2.0	4.0	0.19597397046916537	0.08985625322931617
0.40170947703483545	cosine	24.0	2.0	0.0	0.2731092190440679	0.030762062328506853
-0.06267249286410528	cosine	24.0	6.0	12.0	0.2206120916977232	0.06548169886148832
1.6468269683921268	cosine	24.0	20.0	18.0	0.2551359238183474	0.04034778682105685
1.7548628345340638	cosine	24.0	22.0	0.0	0.2857315384715079	0.025225367793130095
1.4001366285119754	cosine	24.0	4.0	6.0	0.2509652283107651	0.042888118888463896
-1.3672004764752328	cosine	24.0	0.0	2.0	0.39859183319945046	0.003178592823322213
0.8904200026011585	cosine	24.0	20.0	22.0	0.32477853075510776	0.013093115992743426
-0.18926584571322358	cosine	24.0	0.0	20.0	0.32236378699349605	0.013660266883671912
0.26166327721300664	cosine	24.0	10.0	0.0	0.40003299793852704	0.0030847701270604547
0.353010578879944	cosine	24.0	20.0	4.0	0.36198952893673986	0.006602618688996535
-0.14474904220564988	cosine	24.0	14.0	12.0	0.19191458635529096	0.09444831922890234
0.13512469738375987	cosine	24.0	4.0	6.0	0.37644784246614765	0.004980681982243198
-0.5374997715412099	cosine	24.0	22.0	0.0	0.14652899408795275	0.15789673145623845
-0.3720432521799648	cosine	24.0	18.0	2.0	0.46156633137705116	0.0007891434326405708
-2.0521154988846697	cosine	24.0	2.0	0.0	0.3690665122217134	0.00575805764378841
0.9791520718680218	cosine	24.0	12.0	10.0	0.28049054928850214	0.02741363646522646
0.33378679552281215	cosine	24.0	0.0	2.0	0.24358389806633082	0.04769966180633572
-0.031795996602779944	cosine	24.0	0.0	4.0	0.1731361222001596	0.11795090932869162
0.7942874401139433	cosine	24.0	0.0	2.0	0.30263454002180495	0.019140153805216078
-0.7857241837166157	cosine	24.0	10.0	12.0	0.3469225214884106	0.008773600268086433
0.303662808610411	cosine	24.0	0.0	2.0	0.2952532097773707	0.02162395005989455
-0.9636411537322728	cosine	24.0	12.0	10.0	0.4207358239327533	0.0019860827842088013
-1.6050056699693191	cosine	24.0	22.0	2.0	0.2532318977775997	0.04149193177995398
-0.9709428900575114	cosine	24.0	8.0	10.0	0.21405857708859377	0.07139933215686703
-0.6121021069254203	cosine	24.0	18.0	14.0	0.29101603518750224	0.023169067299739072
-0.007018111470425283	cosine	24.0	18.0	20.0	0.3808550746853591	0.004562440916140081
0.7062895936065856	cosine	24.0	14.0	16.0	0.35430385173284484	0.007642194440630212
0.777647580156747	cosine	24.0	4.0	6.0	0.21405857708859377	0.07139933215686703
-0.7518191702581014	cosine	24.0	4.0	6.0	0.30263454002180495	0.019140153805216078
-1.6968716444414635	cosine	24.0	10.0	4.0	0.15442846418840625	0.1452056906890667
0.6545620487184599	cosine	24.0	4.0	16.0	0.4131799673722384	0.002337339712890295
0.5218494179863217	cosine	24.0	22.0	14.0	0.42205316296266615	0.0019299973647081317
0.8593841104262564	cosine	24.0	20.0	18.0	0.4326217838658934	0.0015295535381500524
-0.5882227772710112	cosine	24.0	18.0	16.0	0.38825031885400685	0.003930673389220724
-0.048715300599245254	cosine	24.0	18.0	16.0	0.2625311679869951	0.03614461188618968
0.35707832280790514	cosine	24.0	10.0	14.0	0.4752033992302252	0.0005704661112858879
-0.969718030366488	cosine	24.0	6.0	12.0	0.20590461891787498	0.07932505515945215
0.5593784054487169	cosine	24.0	0.0	4.0	0.3867934644897182	0.004048549572026775
0.29020546163173083	cosine	24.0	18.0	20.0	0.12941677295133563	0.18781168020979827
-0.13127312994218404	cosine	24.0	10.0	8.0	0.22143990733302804	0.06476208627439409
-0.9923521508913598	cosine	24.0	10.0	8.0	0.3912105029550162	0.003700585778126575
-0.307403679441227	cosine	24.0	22.0	16.0	0.24177284024512205	0.04894394450731348
2.0958177259294652	cosine	24.0	8.0	10.0	0.17715192586642242	0.11260606365924808
-0.24960500968532243	cosine	24.0	18.0	20.0	0.3290883655048249	0.012131343131205926
-0.9446797048455488	cosine	24.0	14.0	16.0	0.2952532097773707	0.02162395005989455
0.2505685147571505	cosine	24.0	6.0	8.0	0.32477853075510776	0.013093115992743426
1.3537431142825276	cosine	24.0	16.0	18.0	0.24774067964969962	0.04493949144849353
1.0449843186946464	cosine	24.0	12.0	14.0	0.16977059562198815	0.12256654833167985
0.7227359207653625	cosine	24.0	6.0	4.0	0.32477853075510776	0.013093115992743426
-2.724845732824586	cosine	24.0	22.0	0.0	0.1978141420187362	0.0878301350644845
-0.7871653391672118	cosine	24.0	4.0	6.0	0.3100158702662392	0.016903200710028324
-0.30860509648215795	cosine	24.0	22.0	0.0	0.27840508876711023	0.028327345676766758
0.5915165346799387	cosine	24.0	22.0	20.0	0.14762660488868534	0.15609104027542364
-0.13114753666325035	cosine	24.0	18.0	6.0	0.20841821363024415	0.0768138415244357
-0.5390089112654772	cosine	24.0	8.0	10.0	0.3100158702662392	0.016903200710028324
-0.6595191450652672	cosine	24.0	16.0	14.0	0.19929591659972523	0.08622355226943118
0.6578727610591835	cosine	24.0	20.0	22.0	0.3912105029550162	0.003700585778126575
0.709906950907827	cosine	24.0	16.0	18.0	0.13681201711998336	0.1744777691802858
0.6183680310135223	cosine	24.0	2.0	0.0	0.413354493688319	0.00232862927072122
0.8985913817590537	cosine	24.0	22.0	18.0	0.2173410895704131	0.0683859475317161
1.8280674414329634	cosine	24.0	16.0	14.0	0.17715192586642242	0.11260606365924808
-0.7392977874341595	cosine	24.0	22.0	14.0	0.2679120077936924	0.03331737652423981
0.3224062799990585	cosine	24.0	6.0	16.0	0.4469134319682559	0.0011082524137469671
0.6997486371820564	cosine	24.0	0.0	22.0	0.4395869822638583	0.0013087389029084813
0.8084131010822199	cosine	24.0	8.0	10.0	0.2583465585551994	0.03847661585264555
-1.8557321676082084	cosine	24.0	0.0	12.0	0.2669215718422425	0.03382364878829115
2.3144251582619044	cosine	24.0	16.0	18.0	0.3808550746853591	0.004562440916140081
1.0884875392864826	cosine	24.0	18.0	14.0	0.224708584132122	0.06198051021301793
-0.2861819321552302	cosine	24.0	14.0	16.0	0.17715192586642242	0.11260606365924808
0.3878829814824135	cosine	24.0	10.0	22.0	0.23766989273624334	0.0518588158081891
-0.5820705887330673	cosine	24.0	6.0	8.0	0.2731092190440679	0.030762062328506853
-0.5872520921657243	cosine	24.0	22.0	20.0	0.13286394439981683	0.1815197663058417
0.23734481123456316	cosine	24.0	4.0	10.0	0.4338704470055223	0.0014876246619668022
0.30084572912589014	cosine	24.0	18.0	16.0	0.2625311679869951	0.03614461188618968
0.17520864287130383	cosine	24.0	12.0	10.0	0.2731092190440679	0.030762062328506853
-2.421021297917356	cosine	24.0	16.0	18.0	0.2551359238183474	0.04034778682105685
-0.2445995425434293	cosine	24.0	4.0	6.0	0.3173972005106735	0.014893695995628085
-2.159736995007877	cosine	24.0	16.0	18.0	0.3734598305167114	0.005283338852544909
0.3798987772833492	cosine	24.0	8.0	0.0	0.2930579881759055	0.022413223470489428
-2.0901413873788113	cosine	24.0	8.0	10.0	0.2509652283107651	0.042888118888463896
-0.1779318087898103	cosine	24.0	0.0	22.0	0.505525029603437	0.0002692544206654216
1.5255681004100448	cosine	24.0	14.0	12.0	0.42811715417718754	0.00168992695018417
2.516680145851273	cosine	24.0	8.0	10.0	0.2952532097773707	0.02162395005989455
-2.455593211336874	cosine	24.0	12.0	4.0	0.18647945430074478	0.10086448344866494
-0.8015202380950854	cosine	24.0	10.0	12.0	0.21405857708859377	0.07139933215686703
0.016149575808833045	cosine	24.0	18.0	20.0	0.29211214466158614	0.02276070879876716
-1.2264648336466144	cosine	24.0	14.0	10.0	0.4752033992302252	0.0005704661112858879
-0.4583826175631158	cosine	24.0	10.0	6.0	0.32785350799604684	0.012400444227444124
-0.17466728052930827	cosine	24.0	0.0	20.0	0.2490992899495197	0.04406574993045694
-0.04987126791579494	cosine	24.0	0.0	2.0	0.3838291727105819	0.00429821088254844
-0.9760803791365471	cosine	24.0	8.0	10.0	0.1845332561108567	0.10323755908592297
0.3090598820214008	cosine	24.0	14.0	16.0	0.4724051356437931	0.0006101492706621064
0.04892392433726348	cosine	24.0	6.0	4.0	0.22143990733302804	0.06476208627439409
-1.1401250694095633	cosine	24.0	14.0	16.0	0.23620256782189655	0.052934139906380795
0.4269609582820669	cosine	24.0	6.0	8.0	0.28049054928850214	0.02741363646522646
-0.9071866384915653	cosine	24.0	0.0	22.0	0.30038443788030317	0.01987023624788583
-0.18349704744610204	cosine	24.0	12.0	22.0	0.22711994083632678	0.059988929747551704
-0.8004274668394887	cosine	24.0	18.0	20.0	0.3142978771675294	0.015710968084713377
0.4995162031406918	cosine	24.0	10.0	16.0	0.28679571920704017	0.024799403568754007
0.6213770922690925	cosine	24.0	8.0	10.0	0.2509652283107651	0.042888118888463896
-0.4642847476770478	cosine	24.0	2.0	0.0	0.26572788879963366	0.03444220575113408
1.7829741351174058	cosine	24.0	8.0	6.0	0.33215986099954203	0.011483852877009561
0.17732980940258963	cosine	24.0	8.0	4.0	0.28364854062579337	0.02607689362942387
-1.2117922089215292	cosine	24.0	0.0	2.0	0.17715192586642242	0.11260606365924808
0.21424173943353264	cosine	24.0	16.0	18.0	0.44741227220318885	0.0010956827098778873
1.1841579882166515	cosine	24.0	20.0	22.0	0.23620256782189655	0.052934139906380795
-1.7264275133689935	cosine	24.0	6.0	12.0	0.45593165617529463	0.0009002267306869742
-0.8463067852444357	cosine	24.0	14.0	12.0	0.4207358239327533	0.0019860827842088013
0.5837302610263172	cosine	24.0	4.0	2.0	0.28471690049293835	0.0256371939762934
-0.32685497847245865	cosine	24.0	22.0	20.0	0.21405857708859377	0.07139933215686703
0.340746957946008	cosine	24.0	4.0	6.0	0.19191458635529096	0.09444831922890234
-0.15743518488016622	cosine	24.0	8.0	4.0	0.3867934644897182	0.004048549572026775
0.6142893118440801	cosine	24.0	8.0	10.0	0.2731092190440679	0.030762062328506853
-1.290602579072362	cosine	24.0	8.0	6.0	0.3690665122217134	0.00575805764378841
0.6222460567822744	cosine	24.0	20.0	22.0	0.2583465585551994	0.03847661585264555
-0.6333049549376454	cosine	24.0	22.0	20.0	0.2878718795329364	0.024374796195956446
-0.9724659304078633	cosine	24.0	14.0	22.0	0.34865261288220245	0.00849599441162096
-1.268338203921809	cosine	24.0	12.0	18.0	0.3971017650559018	0.0032782919758639786
-1.4947630288013598	cosine	24.0	6.0	18.0	0.39124120804273904	0.0036982638240428646
0.3479673986455127	cosine	24.0	18.0	20.0	0.1885787263005176	0.09834961988888624
-0.8423214387017576	cosine	24.0	6.0	8.0	0.2066772468441595	0.07854663026645384
0.5996914582734651	cosine	24.0	8.0	6.0	0.2952532097773707	0.02162395005989455
0.6508080679195553	cosine	24.0	10.0	12.0	0.19929591659972523	0.08622355226943118
0.6653241407919808	cosine	24.0	8.0	12.0	0.1845332561108567	0.10323755908592297
-0.6313723913252759	cosine	24.0	16.0	12.0	0.2173410895704131	0.0683859475317161
-1.6692791641046247	cosine	24.0	22.0	14.0	0.31195233784197063	0.01635477579570562
-1.6633716857514151	cosine	24.0	18.0	16.0	0.19597397046916537	0.08985625322931617
1.342157500921395	cosine	24.0	22.0	20.0	0.19191458635529096	0.09444831922890234
0.3431877534592693	cosine	24.0	0.0	22.0	0.31503733728909844	0.015512560718579184
0.5832711019539593	cosine	24.0	0.0	18.0	0.4160694782625708	0.002196859342578618
-0.41607093760451974	cosine	24.0	0.0	22.0	0.3370166864022913	0.010521242945149252
-1.2889212746912682	cosine	24.0	18.0	0.0	0.29197858123689174	0.02281014142487492
0.8312104133849804	cosine	24.0	22.0	20.0	0.3395411912439763	0.010049245916082774
-0.4843068325260584	cosine	24.0	10.0	8.0	0.3616851819772791	0.0066412775630506635
-0.24848142656783187	cosine	24.0	8.0	10.0	0.2878718795329364	0.024374796195956446
0.9517647494847454	cosine	24.0	20.0	22.0	0.26572788879963366	0.03444220575113408
-0.5023917065706331	cosine	24.0	14.0	12.0	0.3838291727105819	0.00429821088254844
0.44272805646127505	cosine	24.0	8.0	14.0	0.16178220057833034	0.13402521306684823
0.7968338697578202	cosine	24.0	2.0	0.0	0.2509652283107651	0.042888118888463896
1.1471437221606624	cosine	24.0	16.0	12.0	0.2173410895704131	0.0683859475317161
0.2952098388432422	cosine	24.0	0.0	18.0	0.32117643936058093	0.013946829568521665
0.4871687409946218	cosine	24.0	22.0	20.0	0.24358389806633082	0.04769966180633572
0.9928768571037367	cosine	24.0	22.0	20.0	0.2952532097773707	0.02162395005989455
1.046842392532619	cosine	24.0	8.0	10.0	0.19191458635529096	0.09444831922890234
-0.010919995619940982	cosine	24.0	18.0	22.0	0.2689135515023755	0.032811789040382046
-0.4402911160249591	cosine	24.0	8.0	4.0	0.2173410895704131	0.0683859475317161
0.4752971175151477	cosine	24.0	12.0	18.0	0.3015031919868884	0.01950433652444874
0.07731481569412808	cosine	24.0	12.0	8.0	0.32477853075510776	0.013093115992743426
-0.7393485001154326	cosine	24.0	4.0	10.0	0.28679571920704017	0.024799403568754007
0.44533219035067745	cosine	24.0	22.0	8.0	0.22711994083632678	0.059988929747551704
-0.31044345615081226	cosine	24.0	20.0	16.0	0.17648967335817856	0.11347537277868341
-1.4311879933800487	cosine	24.0	6.0	8.0	0.1845332561108567	0.10323755908592297
-1.615270497807801	cosine	24.0	22.0	20.0	0.3395411912439763	0.010049245916082774
-0.06483431247350868	cosine	24.0	8.0	4.0	0.3204860134343379	0.014115833190008366
0.8784524767778653	cosine	24.0	10.0	6.0	0.28364854062579337	0.02607689362942387
-0.14425024741377823	cosine	24.0	6.0	4.0	0.19191458635529096	0.09444831922890234
0.740497456207799	cosine	24.0	0.0	2.0	0.23620256782189655	0.052934139906380795
1.3621646585761218	cosine	24.0	16.0	14.0	0.17715192586642242	0.11260606365924808
0.1919901601979585	cosine	24.0	10.0	12.0	0.19191458635529096	0.09444831922890234
-0.6845395055129856	cosine	24.0	22.0	20.0	0.23620256782189655	0.052934139906380795
-1.0890297660790034	cosine	24.0	4.0	6.0	0.2583465585551994	0.03847661585264555
0.5835442120527498	cosine	24.0	8.0	10.0	0.2066772468441595	0.07854663026645384
-0.3494162392001766	cosine	24.0	4.0	6.0	0.13286394439981683	0.1815197663058417
-0.5656797100081511	cosine	24.0	8.0	10.0	0.23620256782189655	0.052934139906380795
-0.835020584738267	cosine	24.0	16.0	18.0	0.3290883655048249	0.012131343131205926
-0.49937857134361174	cosine	24.0	6.0	4.0	0.2066772468441595	0.07854663026645384
0.24823851411210907	cosine	24.0	22.0	0.0	0.3296902366978937	0.01200202793833976
-1.1634386131575316	cosine	24.0	0.0	2.0	0.4354984844216218	0.001434531998309761
0.03465640688413152	cosine	24.0	20.0	0.0	0.19048769231433857	0.09610287952344321
0.2954158723768635	cosine	24.0	12.0	10.0	0.16977059562198815	0.12256654833167985
0.7423071025630354	cosine	24.0	4.0	8.0	0.4604684101068074	0.0008097444212506255
0.49998969210602784	cosine	24.0	18.0	16.0	0.29211214466158614	0.02276070879876716
-1.1657932691255442	cosine	24.0	4.0	0.0	0.24681106781724876	0.04554533424377086
0.02485003739112684	cosine	24.0	10.0	12.0	0.1845332561108567	0.10323755908592297
0.679549630932327	cosine	24.0	8.0	6.0	0.3616851819772791	0.0066412775630506635
0.5783065551898714	cosine	24.0	18.0	14.0	0.32785350799604684	0.012400444227444124
-0.8065728302682784	cosine	24.0	18.0	20.0	0.3216931213361771	0.01382149916799702
0.7187901733856222	cosine	24.0	0.0	20.0	0.27840508876711023	0.028327345676766758
-0.47310208366545714	cosine	24.0	10.0	14.0	0.18787111132357742	0.09919213877373323
-0.1940560551724923	cosine	24.0	14.0	12.0	0.13286394439981683	0.1815197663058417
1.476839439616948	cosine	24.0	22.0	20.0	0.33215986099954203	0.011483852877009561
-0.7329875861142376	cosine	24.0	4.0	2.0	0.22555494714375637	0.0612756889104502
-0.2904663333480555	cosine	24.0	14.0	12.0	0.2066772468441595	0.07854663026645384
-0.25135283949703974	cosine	24.0	0.0	14.0	0.3296902366978937	0.01200202793833976
0.3310752515733639	cosine	24.0	22.0	4.0	0.2408823295204357	0.049565208125727844
1.2628273730693251	cosine	24.0	6.0	20.0	0.35899603551548426	0.0069916470137857895
-0.8387659737062638	cosine	24.0	22.0	0.0	0.20514059172313384	0.08010054349500118
0.7683416551222503	cosine	24.0	2.0	4.0	0.21076445880646086	0.0745247925817003
0.16051631151022183	cosine	24.0	14.0	10.0	0.15840113307674175	0.139090076569109
1.1469847661311057	cosine	24.0	20.0	14.0	0.26057195278564604	0.03722162304887712
0.6602176345807171	cosine	24.0	22.0	18.0	0.36469098080459145	0.006268102368788777
0.6312875914571031	cosine	24.0	2.0	0.0	0.3100158702662392	0.016903200710028324
1.4190389788406061	cosine	24.0	22.0	20.0	0.2952532097773707	0.02162395005989455
-0.2557465054547611	cosine	24.0	10.0	14.0	0.31311851887262904	0.016031910355278088
-0.2566206519245797	cosine	24.0	10.0	12.0	0.40597316344388473	0.002723822944538488
-0.16862388662392216	cosine	24.0	22.0	20.0	0.22143990733302804	0.06476208627439409
0.5509886938286539	cosine	24.0	8.0	4.0	0.20260610044699526	0.0827141103030547
0.248997524031691	cosine	24.0	16.0	18.0	0.23295019131240413	0.055380662873957556
0.3523230948836853	cosine	24.0	18.0	16.0	0.40304080719130236	0.0028969453261565256
-1.1005818236627705	cosine	24.0	22.0	20.0	0.3912105029550162	0.003700585778126575
0.9969500733006341	cosine	24.0	6.0	4.0	0.3100158702662392	0.016903200710028324
1.103113645064336	cosine	24.0	4.0	6.0	0.2731092190440679	0.030762062328506853
-1.356469536703122	cosine	24.0	16.0	12.0	0.3573234862428825	0.0072177043070196685
-1.2602046715312283	cosine	24.0	16.0	18.0	0.2625311679869951	0.03614461188618968
1.00419519739035	cosine	24.0	12.0	6.0	0.22796582808764732	0.059302293251139775
-3.008510813825921	cosine	24.0	0.0	14.0	0.16118189349674802	0.13491510064665357
-0.7168548399080548	cosine	24.0	2.0	0.0	0.3173972005106735	0.014893695995628085
0.5035645983610973	cosine	24.0	18.0	20.0	0.39564556302265463	0.003378433371147737
0.8244877783886834	cosine	24.0	6.0	2.0	0.20997359500870416	0.07529048637923798
0.041794107212031736	cosine	24.0	4.0	2.0	0.40304080719130236	0.0028969453261565256
0.38788365717141	cosine	24.0	12.0	10.0	0.33215986099954203	0.011483852877009561
0.7629816612815562	cosine	24.0	12.0	14.0	0.22143990733302804	0.06476208627439409
-0.07906788683763757	cosine	24.0	20.0	18.0	0.1885787263005176	0.09834961988888624
0.7469477641480972	cosine	24.0	2.0	20.0	0.3034861707247415	0.018869840911642614
0.4708722045659803	cosine	24.0	10.0	8.0	0.4502611449104903	0.0010263673653035312
0.04210846864664234	cosine	24.0	16.0	12.0	0.27628104606408443	0.02928387041000692
1.2147764710235887	cosine	24.0	4.0	2.0	0.1885787263005176	0.09834961988888624
-0.18635738796191567	cosine	24.0	6.0	8.0	0.21405857708859377	0.07139933215686703
1.1737036897230329	cosine	24.0	8.0	10.0	0.40597316344388473	0.002723822944538488
0.8487677297245484	cosine	24.0	14.0	0.0	0.30038443788030317	0.01987023624788583
0.9341176296589183	cosine	24.0	0.0	22.0	0.18316124260994093	0.1049347021149013
0.6949360807342649	cosine	24.0	18.0	16.0	0.23295019131240413	0.055380662873957556
1.327964447039193	cosine	24.0	16.0	18.0	0.1885787263005176	0.09834961988888624
0.20318596796429753	cosine	24.0	4.0	8.0	0.497305882915352	0.0003313493826877132
1.51637257238393	cosine	24.0	4.0	0.0	0.29101603518750224	0.023169067299739072
-0.7549221998342905	cosine	24.0	10.0	8.0	0.22143990733302804	0.06476208627439409
0.34242418695402593	cosine	24.0	16.0	10.0	0.23531956447757144	0.053589721789768105
0.5303407150986836	cosine	24.0	6.0	8.0	0.3173972005106735	0.014893695995628085
-0.4661872848246396	cosine	24.0	0.0	2.0	0.2731092190440679	0.030762062328506853
0.8914751473634083	cosine	24.0	4.0	2.0	0.2625311679869951	0.03614461188618968
0.05616543188783931	cosine	24.0	18.0	10.0	0.37364893492427953	0.005263710294693397
-1.081908828874903	cosine	24.0	16.0	18.0	0.2773216563242906	0.02881195020498228
-0.6389002671196943	cosine	24.0	16.0	20.0	0.25002703725741965	0.04347701138065798
0.22057228869675952	cosine	24.0	4.0	0.0	0.2689135515023755	0.032811789040382046
-0.10327129094176768	cosine	24.0	0.0	22.0	0.26375218935831496	0.03548639977917875
0.6188328373023128	cosine	24.0	22.0	18.0	0.26154605694066657	0.03668290960514206
-0.05277746886355252	cosine	24.0	2.0	0.0	0.17715192586642242	0.11260606365924808
-1.096466446226216	cosine	24.0	18.0	20.0	0.4104360513599501	0.0024782190637700975
1.0234401348198854	cosine	24.0	0.0	14.0	0.2564257396539173	0.03958738267049287
1.5073001064397318	cosine	24.0	12.0	14.0	0.28049054928850214	0.02741363646522646
0.9413794726869813	cosine	24.0	8.0	2.0	0.36469098080459145	0.006268102368788777
-1.937673329658999	cosine	24.0	22.0	0.0	0.27107863906271257	0.03174043341798899
1.7410919399475797	cosine	24.0	10.0	18.0	0.37364893492427953	0.005263710294693397
0.3902236629134861	cosine	24.0	6.0	8.0	0.2731092190440679	0.030762062328506853
-0.6603446110965129	cosine	24.0	18.0	16.0	0.28471690049293835	0.0256371939762934
0.7350511238340309	cosine	24.0	2.0	22.0	0.22387167774541422	0.06268366142713092
1.2978208690739763	cosine	24.0	2.0	0.0	0.3469225214884106	0.008773600268086433
0.2799090106679146	cosine	24.0	6.0	10.0	0.3720584753663004	0.005430836150817805
-0.5491281878347525	cosine	24.0	18.0	20.0	0.18118348213186988	0.10741654185240362
0.6517675236363578	cosine	24.0	8.0	4.0	0.24681106781724876	0.04554533424377086
1.2987243808110542	cosine	24.0	4.0	2.0	0.2625311679869951	0.03614461188618968
0.065785188236007	cosine	24.0	6.0	8.0	0.24358389806633082	0.04769966180633572
-0.7372835749908597	cosine	24.0	6.0	8.0	0.30263454002180495	0.019140153805216078
0.23982897675799522	cosine	24.0	10.0	6.0	0.224708584132122	0.06198051021301793
-0.4230918299397656	cosine	24.0	6.0	4.0	0.2583465585551994	0.03847661585264555
-0.10814420372117113	cosine	24.0	16.0	14.0	0.2731092190440679	0.030762062328506853
-1.4860845093808916	cosine	24.0	18.0	16.0	0.21815970297510862	0.06764995867882109
-0.8251780718511739	cosine	24.0	16.0	2.0	0.32663244785806334	0.012671607032707451
0.6640343871240719	cosine	24.0	2.0	0.0	0.24358389806633082	0.04769966180633572
0.6235867592749691	cosine	24.0	6.0	0.0	0.345625610326433	0.00898688283532294
-0.7790852387546467	cosine	24.0	10.0	6.0	0.3573234862428825	0.0072177043070196685
0.3051021998686432	cosine	24.0	2.0	0.0	0.23620256782189655	0.052934139906380795
0.20828208405051568	cosine	24.0	22.0	0.0	0.16118189349674802	0.13491510064665357
0.37869260227267865	cosine	24.0	10.0	12.0	0.2509652283107651	0.042888118888463896
-1.0383974521868538	cosine	24.0	6.0	4.0	0.22882123757746228	0.05861420943696903
-1.4367968530577189	cosine	24.0	8.0	12.0	0.4207358239327533	0.0019860827842088013
-0.18417045581588096	cosine	24.0	8.0	6.0	0.19929591659972523	0.08622355226943118
1.4444610998376066	cosine	24.0	4.0	6.0	0.2952532097773707	0.02162395005989455
-0.25178604531087695	cosine	24.0	6.0	14.0	0.1718536147477452	0.11969508363170434
-0.39386134711791715	cosine	24.0	12.0	18.0	0.2794419828171161	0.027869928627522758
-0.019440447854542207	cosine	24.0	4.0	2.0	0.4769932488777799	0.0005463493182082269
-0.49572874861851135	cosine	24.0	20.0	22.0	0.22143990733302804	0.06476208627439409
1.3682319957605298	cosine	24.0	14.0	18.0	0.32785350799604684	0.012400444227444124
1.1067072802878306	cosine	24.0	12.0	14.0	0.3616851819772791	0.0066412775630506635
-0.29634191975422125	cosine	24.0	14.0	10.0	0.36469098080459145	0.006268102368788777
0.5940143292633969	cosine	24.0	6.0	4.0	0.22882123757746228	0.05861420943696903
1.3313735747069695	cosine	24.0	6.0	4.0	0.21405857708859377	0.07139933215686703
1.341966337803974	cosine	24.0	16.0	12.0	0.23944357325553983	0.05058223589567321
0.7604385506975265	cosine	24.0	16.0	10.0	0.13972099140855804	0.16940176019498548
-0.5362019552111964	cosine	24.0	10.0	8.0	0.3173972005106735	0.014893695995628085
-0.33616038131225107	cosine	24.0	0.0	22.0	0.14652899408795275	0.15789673145623845
0.6427846607659808	cosine	24.0	8.0	10.0	0.2066772468441595	0.07854663026645384
-1.378889365610258	cosine	24.0	2.0	0.0	0.2583465585551994	0.03847661585264555
-1.1011405962765128	cosine	24.0	22.0	16.0	0.2930579881759055	0.022413223470489428
1.3745092318873924	cosine	24.0	6.0	22.0	0.20110529385374434	0.08429170481567638
2.489718704117084	cosine	24.0	20.0	8.0	0.36198952893673986	0.006602618688996535
-0.16540713730914033	cosine	24.0	16.0	18.0	0.22555494714375637	0.0612756889104502
-0.3038220036964373	cosine	24.0	10.0	8.0	0.2878718795329364	0.024374796195956446
0.17514889345560702	cosine	24.0	18.0	16.0	0.1885787263005176	0.09834961988888624
1.4503390266964034	cosine	24.0	6.0	8.0	0.3173972005106735	0.014893695995628085
-0.3740458200225821	cosine	24.0	4.0	6.0	0.22143990733302804	0.06476208627439409
0.017739659202770493	cosine	24.0	6.0	4.0	0.21405857708859377	0.07139933215686703
1.5418781812208073	cosine	24.0	2.0	6.0	0.48257089379193413	0.00047711050412939485
2.254752883154581	cosine	24.0	20.0	6.0	0.27107863906271257	0.03174043341798899
-2.1093107476209916	cosine	24.0	22.0	4.0	0.2627807231132026	0.03600927829228812
2.5053187269791715	cosine	24.0	12.0	16.0	0.28364854062579337	0.02607689362942387
-0.2212026153900159	cosine	24.0	4.0	2.0	0.3290883655048249	0.012131343131205926
-0.29516793555142135	cosine	24.0	0.0	18.0	0.28467911670596946	0.025652637913207904
1.2276748371384774	cosine	24.0	2.0	4.0	0.35127409801076814	0.008090044838256295
-0.9426951245164359	cosine	24.0	0.0	22.0	0.27107863906271257	0.03174043341798899
-0.004804838395864061	cosine	24.0	0.0	14.0	0.23444639054072441	0.05424431461757581
0.17070247913873995	cosine	24.0	18.0	22.0	0.3057510243109201	0.018166718113862217
-0.8390546814460729	cosine	24.0	16.0	22.0	0.3296902366978937	0.01200202793833976
-0.3476208114870191	cosine	24.0	22.0	18.0	0.43836592642168065	0.0013452089331977713
0.71927473168111	cosine	24.0	0.0	22.0	0.2490992899495197	0.04406574993045694
-2.1185855479318505	cosine	24.0	10.0	14.0	0.1731361222001596	0.11795090932869162
0.07271609517458472	cosine	24.0	2.0	4.0	0.17378823796322213	0.11707097859576515
-0.9058213867367179	cosine	24.0	4.0	20.0	0.4058670475957386	0.0027299213020319725
-0.7654938585669492	cosine	24.0	12.0	14.0	0.4207358239327533	0.0019860827842088013
-0.5068412070382029	cosine	24.0	8.0	22.0	0.26375218935831496	0.03548639977917875
-1.142884679992656	cosine	24.0	2.0	0.0	0.22882123757746228	0.05861420943696903
-2.166332846968798	cosine	24.0	2.0	4.0	0.20336921463781313	0.08192052243423542
1.0550090058785249	cosine	24.0	22.0	0.0	0.24177284024512205	0.04894394450731348
1.4991325965287827	cosine	24.0	10.0	14.0	0.26154605694066657	0.03668290960514206
0.4207631802679911	cosine	24.0	0.0	2.0	0.2731092190440679	0.030762062328506853
0.015202491177604938	cosine	24.0	0.0	22.0	0.2930579881759055	0.022413223470489428
-0.36582708468670866	cosine	24.0	20.0	22.0	0.17715192586642242	0.11260606365924808
0.46262626894959835	cosine	24.0	20.0	18.0	0.20336921463781313	0.08192052243423542
-0.4072386937795762	cosine	24.0	14.0	20.0	0.2018515127212751	0.08350450624194317
-0.3122880886634681	cosine	24.0	20.0	0.0	0.1758347929055433	0.11433970056138665
-0.7689555879725608	cosine	24.0	16.0	18.0	0.3142978771675294	0.015710968084713377
-0.3485304710854898	cosine	24.0	22.0	6.0	0.22304405318324375	0.06338511299725048
0.2594991076040779	cosine	24.0	16.0	4.0	0.34005076960724046	0.009956246028067745
0.4394583406343075	cosine	24.0	16.0	18.0	0.21076445880646086	0.0745247925817003
0.8891856475979025	cosine	24.0	6.0	4.0	0.23620256782189655	0.052934139906380795
-1.431610676446805	cosine	24.0	14.0	16.0	0.28049054928850214	0.02741363646522646
1.331442132667425	cosine	24.0	14.0	16.0	0.21405857708859377	0.07139933215686703
-0.7564127319744268	cosine	24.0	8.0	2.0	0.3499559916811736	0.008291978169918663
0.0936330674038521	cosine	24.0	2.0	0.0	0.45764247515492457	0.0008650668306068227
0.4839552503426716	cosine	24.0	6.0	18.0	0.31079909050124127	0.016679520254869944
-0.8577560428420854	cosine	24.0	14.0	18.0	0.20997359500870416	0.07529048637923798
0.9642584522565356	cosine	24.0	8.0	10.0	0.28049054928850214	0.02741363646522646
-1.4494761490071668	cosine	24.0	8.0	6.0	0.30263454002180495	0.019140153805216078
1.273507396994319	cosine	24.0	8.0	6.0	0.30263454002180495	0.019140153805216078
0.17010615034081394	cosine	24.0	2.0	12.0	0.31195233784197063	0.01635477579570562
0.5347697705484586	cosine	24.0	22.0	2.0	0.28259211780978516	0.026517864644015943
3.2340820910927395	cosine	24.0	6.0	8.0	0.22143990733302804	0.06476208627439409
1.1893074052589427	cosine	24.0	14.0	16.0	0.2583465585551994	0.03847661585264555
-1.868847729998133	cosine	24.0	18.0	16.0	0.21815970297510862	0.06764995867882109
-1.2683876128655878	cosine	24.0	14.0	16.0	0.3690665122217134	0.00575805764378841
-1.5836799309345677	cosine	24.0	12.0	18.0	0.26473451003726783	0.034964025382031784
-0.8173181587355361	cosine	24.0	14.0	16.0	0.3395411912439763	0.010049245916082774
0.10597881793511352	cosine	24.0	12.0	10.0	0.28049054928850214	0.02741363646522646
-1.3467838893759188	cosine	24.0	20.0	16.0	0.2132583553077991	0.07214917198900778
-1.3054791557832723	cosine	24.0	10.0	2.0	0.18316124260994093	0.1049347021149013
0.332090866451914	cosine	24.0	14.0	16.0	0.3912105029550162	0.003700585778126575
-0.873867380003849	cosine	24.0	22.0	0.0	0.14652899408795275	0.15789673145623845
0.8170498318846463	cosine	24.0	4.0	22.0	0.2408823295204357	0.049565208125727844
-0.13034461515342288	cosine	24.0	6.0	8.0	0.1845332561108567	0.10323755908592297
0.1176841187820011	cosine	24.0	20.0	16.0	0.38239429227605354	0.0044239335465011175
-1.7995445127657734	cosine	24.0	18.0	10.0	0.22711994083632678	0.059988929747551704
0.13037873135731715	cosine	24.0	22.0	0.0	0.27107863906271257	0.03174043341798899
-1.7172689868665543	cosine	24.0	8.0	18.0	0.26375218935831496	0.03548639977917875
0.06414018236085656	cosine	24.0	6.0	8.0	0.14024527464425107	0.16849709470074392
0.25929478501658837	cosine	24.0	16.0	18.0	0.3069026329988816	0.017817847893956983
-1.1045033457149938	cosine	24.0	14.0	10.0	0.2541785623789577	0.040919829260890266
0.028687409191636114	cosine	24.0	6.0	10.0	0.19523860588528633	0.09067556890797257
-0.2687369222737733	cosine	24.0	18.0	6.0	0.36930244871323964	0.005731632693820295
0.48324683825669373	cosine	24.0	20.0	18.0	0.2773216563242906	0.02881195020498228
-1.1877835409163087	cosine	24.0	10.0	12.0	0.2952532097773707	0.02162395005989455
-0.7415757989037726	cosine	24.0	2.0	0.0	0.23620256782189655	0.052934139906380795
1.282910421344593	cosine	24.0	10.0	12.0	0.1845332561108567	0.10323755908592297
-0.040876702568513106	cosine	24.0	18.0	16.0	0.24034543548105186	0.04994280222373064
0.42532525358277257	cosine	24.0	4.0	6.0	0.3173972005106735	0.014893695995628085
-0.4524601889485434	cosine	24.0	16.0	18.0	0.35127409801076814	0.008090044838256295
0.10581994526119039	cosine	24.0	22.0	0.0	0.4029547337418701	0.0029021736212107687
0.7824972501193402	cosine	24.0	16.0	18.0	0.5139694697210186	0.00021688021381524654
-0.06989625025201612	cosine	24.0	6.0	8.0	0.2509652283107651	0.042888118888463896
0.5406471304512308	cosine	24.0	12.0	10.0	0.28049054928850214	0.02741363646522646
0.31992422410760907	cosine	24.0	12.0	14.0	0.3838291727105819	0.00429821088254844
0.33622718844053223	cosine	24.0	18.0	16.0	0.2699264121556429	0.03230693818080994
0.14721554984122243	cosine	24.0	12.0	14.0	0.2066772468441595	0.07854663026645384
-1.4438480548497394	cosine	24.0	22.0	20.0	0.22882123757746228	0.05861420943696903
-0.006685892453407972	cosine	24.0	12.0	0.0	0.4424316464782376	0.0012272551162832112
0.34480457248482216	cosine	24.0	20.0	2.0	0.35467660916024	0.007588630934130401
0.7561643626065969	cosine	24.0	6.0	4.0	0.22143990733302804	0.06476208627439409
0.056859893615590594	cosine	24.0	20.0	22.0	0.2509652283107651	0.042888118888463896
-1.703844551141711	cosine	24.0	12.0	10.0	0.3469225214884106	0.008773600268086433
1.8501911203708175	cosine	24.0	20.0	0.0	0.2857315384715079	0.025225367793130095
0.6467164208361701	cosine	24.0	12.0	8.0	0.1845332561108567	0.10323755908592297
-0.6675178539566282	cosine	24.0	16.0	14.0	0.19191458635529096	0.09444831922890234
-0.7843444224474558	cosine	24.0	8.0	6.0	0.42811715417718754	0.00168992695018417
-0.08847736200055666	cosine	24.0	16.0	14.0	0.16238926537755388	0.1331294177656946
-0.8604329464907338	cosine	24.0	14.0	16.0	0.32477853075510776	0.013093115992743426
-0.861878966491221	cosine	24.0	2.0	4.0	0.2625311679869951	0.03614461188618968
-0.0723718381855746	cosine	24.0	0.0	20.0	0.344343136106689	0.009202243653261678
0.8429393442135515	cosine	24.0	8.0	6.0	0.35430385173284484	0.007642194440630212
0.1637764999988092	cosine	24.0	2.0	10.0	0.32236378699349605	0.013660266883671912
-1.0642615105658755	cosine	24.0	14.0	6.0	0.427805806925238	0.0017015580720576638
-1.1524461217997033	cosine	24.0	12.0	10.0	0.2878718795329364	0.024374796195956446
0.7959169856348727	cosine	24.0	20.0	22.0	0.2509652283107651	0.042888118888463896
-0.44013462862558367	cosine	24.0	6.0	20.0	0.2124670414275315	0.07289658589843155
2.010899673033142	cosine	24.0	10.0	8.0	0.2731092190440679	0.030762062328506853
-0.11251221676869162	cosine	24.0	14.0	12.0	0.35430385173284484	0.007642194440630212
0.266387884199699	cosine	24.0	18.0	16.0	0.17378823796322213	0.11707097859576515
-0.39348750618242184	cosine	24.0	2.0	8.0	0.23207607869383093	0.05605319139859437
-0.6577291999821026	cosine	24.0	20.0	22.0	0.16238926537755388	0.1331294177656946
0.28764023671007055	cosine	24.0	10.0	8.0	0.24358389806633082	0.04769966180633572
-0.542959052723333	cosine	24.0	2.0	10.0	0.2857315384715079	0.025225367793130095
-0.7699923601213532	cosine	24.0	8.0	6.0	0.28049054928850214	0.02741363646522646
0.6354431518347352	cosine	24.0	22.0	0.0	0.4395869822638583	0.0013087389029084813
0.5682557528850222	cosine	24.0	22.0	20.0	0.16238926537755388	0.1331294177656946
-0.8664199466883457	cosine	24.0	4.0	2.0	0.2773216563242906	0.02881195020498228
-0.2543599231647083	cosine	24.0	22.0	20.0	0.22143990733302804	0.06476208627439409
0.31421156494357144	cosine	24.0	0.0	22.0	0.23444639054072441	0.05424431461757581
-0.22942843250998457	cosine	24.0	22.0	20.0	0.3838291727105819	0.00429821088254844
-0.5888062098617272	cosine	24.0	6.0	10.0	0.28364854062579337	0.02607689362942387
-0.6560995111223514	cosine	24.0	12.0	10.0	0.2731092190440679	0.030762062328506853
1.0110139509106852	cosine	24.0	20.0	12.0	0.505525029603437	0.0002692544206654216
0.8733356107400838	cosine	24.0	6.0	16.0	0.22711994083632678	0.059988929747551704
0.028338427236069448	cosine	24.0	16.0	18.0	0.29950738883023387	0.02016114215609676
-1.33895569568801	cosine	24.0	12.0	4.0	0.24498281251274312	0.04675598822900129
-0.5092170622725875	cosine	24.0	0.0	2.0	0.3838291727105819	0.00429821088254844
-1.2647998922391501	cosine	24.0	20.0	14.0	0.3633327228982952	0.006434369694368368
-0.15339521321095767	cosine	24.0	12.0	14.0	0.28049054928850214	0.02741363646522646
-0.34702756417112046	cosine	24.0	2.0	0.0	0.2583465585551994	0.03847661585264555
1.3137668563155762	cosine	24.0	4.0	6.0	0.2066772468441595	0.07854663026645384
0.276519733402058	cosine	24.0	4.0	8.0	0.37942596992800925	0.004694491835707916
0.020800705880684046	cosine	24.0	16.0	12.0	0.19523860588528633	0.09067556890797257
-0.7111984820407539	cosine	24.0	2.0	4.0	0.2699264121556429	0.03230693818080994
1.9364536808554564	cosine	24.0	4.0	2.0	0.3660645863480636	0.006103836469221554
-1.5486694763727384	cosine	24.0	2.0	20.0	0.34005076960724046	0.009956246028067745
0.6861477547681523	cosine	24.0	10.0	6.0	0.23207607869383093	0.05605319139859437
-1.342230420822978	cosine	24.0	6.0	4.0	0.3100158702662392	0.016903200710028324
0.3516964175230703	cosine	24.0	6.0	4.0	0.2066772468441595	0.07854663026645384
1.3758513038586146	cosine	24.0	6.0	4.0	0.2878718795329364	0.024374796195956446
-0.08179526578785666	cosine	24.0	20.0	4.0	0.2815474113952421	0.026960055111695882
0.5395975233816593	cosine	24.0	6.0	0.0	0.33091813754658483	0.011741909652740369
2.2149840593965897	cosine	24.0	18.0	16.0	0.21815970297510862	0.06764995867882109
-0.4656381636258202	cosine	24.0	18.0	20.0	0.2773216563242906	0.02881195020498228
-0.4357506100830407	cosine	24.0	16.0	14.0	0.3173972005106735	0.014893695995628085
1.0402848152543658	cosine	24.0	22.0	6.0	0.19379237407724456	0.09230305894119695
-0.31266511645555806	cosine	24.0	8.0	10.0	0.39859183319945046	0.003178592823322213
0.04095157654842515	cosine	24.0	18.0	20.0	0.21815970297510862	0.06764995867882109
-1.2358988158167499	cosine	24.0	18.0	22.0	0.2541785623789577	0.040919829260890266
-0.77214873202538	cosine	24.0	12.0	8.0	0.2583465585551994	0.03847661585264555
-1.7587834755698546	cosine	24.0	14.0	16.0	0.30263454002180495	0.019140153805216078
-1.472448722970737	cosine	24.0	2.0	4.0	0.3290883655048249	0.012131343131205926
-1.0985256124485394	cosine	24.0	12.0	14.0	0.3173972005106735	0.014893695995628085
0.15983661919782843	cosine	24.0	20.0	22.0	0.39859183319945046	0.003178592823322213
-2.079981429755496	cosine	24.0	6.0	4.0	0.22143990733302804	0.06476208627439409
1.513001333725711	cosine	24.0	8.0	4.0	0.32785350799604684	0.012400444227444124
0.879407427552394	cosine	24.0	20.0	4.0	0.3254249300542409	0.012944793795829015
1.1650676852345225	cosine	24.0	2.0	0.0	0.22143990733302804	0.06476208627439409
0.7940420253974542	cosine	24.0	22.0	0.0	0.2490992899495197	0.04406574993045694
0.3474527215597428	cosine	24.0	10.0	14.0	0.20260610044699526	0.0827141103030547
-0.7904853663280706	cosine	24.0	22.0	20.0	0.16238926537755388	0.1331294177656946
-1.3170983833700953	cosine	24.0	16.0	14.0	0.37644784246614765	0.004980681982243198
0.7747175281795673	cosine	24.0	20.0	0.0	0.20514059172313384	0.08010054349500118
-0.024196730209355023	cosine	24.0	0.0	22.0	0.344343136106689	0.009202243653261678
-0.09341212117830634	cosine	24.0	10.0	12.0	0.16238926537755388	0.1331294177656946
-0.9518148967686866	cosine	24.0	16.0	0.0	0.3327378498307407	0.011365424119290006
-0.26496106951684106	cosine	24.0	22.0	0.0	0.2857315384715079	0.025225367793130095
0.44495627768742346	cosine	24.0	8.0	10.0	0.2878718795329364	0.024374796195956446
0.3103809742159613	cosine	24.0	2.0	6.0	0.18787111132357742	0.09919213877373323
0.03285998212995235	cosine	24.0	0.0	22.0	0.23444639054072441	0.05424431461757581
-0.13970370202736782	cosine	24.0	14.0	12.0	0.2583465585551994	0.03847661585264555
-1.13573626547837	cosine	24.0	10.0	20.0	0.41760763315066535	0.0021252413268578177
-0.8580973650273841	cosine	24.0	14.0	16.0	0.24358389806633082	0.04769966180633572
0.07418987186839199	cosine	24.0	4.0	2.0	0.2625311679869951	0.03614461188618968
-0.7406482438661378	cosine	24.0	4.0	6.0	0.19929591659972523	0.08622355226943118
0.6226172948679527	cosine	24.0	18.0	20.0	0.2551359238183474	0.04034778682105685
-1.4067579823770135	cosine	24.0	6.0	4.0	0.22882123757746228	0.05861420943696903
-0.11513675532134239	cosine	24.0	20.0	22.0	0.2731092190440679	0.030762062328506853
0.043012118510730446	cosine	24.0	16.0	2.0	0.3926929429304807	0.0035899625406177324
0.7402007742520591	cosine	24.0	14.0	12.0	0.16977059562198815	0.12256654833167985
0.28666687451291056	cosine	24.0	4.0	18.0	0.36632248521988187	0.006073423898817913
-0.14058477416389772	cosine	24.0	4.0	0.0	0.44573342098338953	0.001138513936955571
0.05827717106579704	cosine	24.0	2.0	4.0	0.3660645863480636	0.006103836469221554
-0.7575936798498728	cosine	24.0	0.0	2.0	0.19191458635529096	0.09444831922890234
2.111260151241221	cosine	24.0	0.0	6.0	0.29414945559696426	0.022017809811881017
0.6294411599876206	cosine	24.0	18.0	12.0	0.25002703725741965	0.04347701138065798
1.8210596884930366	cosine	24.0	22.0	4.0	0.43066840732441536	0.0015973116219302275
1.3711103021012068	cosine	24.0	20.0	18.0	0.2625311679869951	0.03614461188618968
1.2144825273086952	cosine	24.0	22.0	0.0	0.41760763315066535	0.0021252413268578177
0.48197877927759863	cosine	24.0	10.0	12.0	0.16977059562198815	0.12256654833167985
-0.2594710771686753	cosine	24.0	22.0	0.0	0.45423988167265356	0.0009362824376808947
-0.5866189436678364	cosine	24.0	2.0	4.0	0.28471690049293835	0.0256371939762934
0.7171046386893491	cosine	24.0	20.0	0.0	0.35899603551548426	0.0069916470137857895
2.3233011399369103	cosine	24.0	16.0	14.0	0.3616851819772791	0.0066412775630506635
0.7237094564455382	cosine	24.0	12.0	8.0	0.23620256782189655	0.052934139906380795
-0.18145543987410978	cosine	24.0	18.0	12.0	0.36033308310628126	0.006815453874930347
0.06393519721646691	cosine	24.0	22.0	2.0	0.319292392850017	0.014412173665151762
-1.134353443625422	cosine	24.0	6.0	22.0	0.42049288714873817	0.001996585957609922
1.8074300906235305	cosine	24.0	18.0	8.0	0.21979349113192914	0.06619938366322035
-0.06287304429848672	cosine	24.0	0.0	22.0	0.1978141420187362	0.0878301350644845
-0.13458117618896695	cosine	24.0	14.0	4.0	0.24177284024512205	0.04894394450731348
1.8415507101159836	cosine	24.0	12.0	20.0	0.3296902366978937	0.01200202793833976
0.6740692015077553	cosine	24.0	4.0	2.0	0.35127409801076814	0.008090044838256295
-0.48563157907676796	cosine	24.0	12.0	10.0	0.3469225214884106	0.008773600268086433
-0.1442534325203807	cosine	24.0	6.0	10.0	0.20260610044699526	0.0827141103030547
0.1874993301583202	cosine	24.0	10.0	12.0	0.1550079351331196	0.14430254111594104
-0.5754339529429702	cosine	24.0	6.0	0.0	0.3088569283768125	0.017238887161647665
-0.8167223064186955	cosine	24.0	4.0	6.0	0.19191458635529096	0.09444831922890234
0.09315856911539334	cosine	24.0	16.0	18.0	0.29950738883023387	0.02016114215609676
-1.0822420917685103	cosine	24.0	4.0	2.0	0.28471690049293835	0.0256371939762934
-0.31863844329306645	cosine	24.0	14.0	18.0	0.3867934644897182	0.004048549572026775
0.8382133528688694	cosine	24.0	14.0	12.0	0.37644784246614765	0.004980681982243198
0.24232797551891985	cosine	24.0	20.0	22.0	0.19191458635529096	0.09444831922890234
-1.2150091632135476	cosine	24.0	18.0	16.0	0.2773216563242906	0.02881195020498228
-0.22412447180025724	cosine	24.0	6.0	4.0	0.3838291727105819	0.00429821088254844
0.9119243206669025	cosine	24.0	20.0	14.0	0.319292392850017	0.014412173665151762
-0.018355075639208022	cosine	24.0	4.0	2.0	0.21076445880646086	0.0745247925817003
2.1621117426633196	cosine	24.0	10.0	8.0	0.413354493688319	0.00232862927072122
1.307246522365977	cosine	24.0	8.0	6.0	0.4354984844216218	0.001434531998309761
0.28956880612974367	cosine	24.0	2.0	22.0	0.2899321728178315	0.023578911023083498
0.1323562035492591	cosine	24.0	8.0	18.0	0.3516695858110866	0.008030305253720312
2.6514671181546134	cosine	24.0	0.0	14.0	0.27840508876711023	0.028327345676766758
-1.6052289143726555	cosine	24.0	18.0	20.0	0.22555494714375637	0.0612756889104502
0.675850605529731	cosine	24.0	4.0	20.0	0.3254249300542409	0.012944793795829015
-1.7582522902775704	cosine	24.0	20.0	4.0	0.16454069497124538	0.12998795401239832
2.3435110596103694	cosine	24.0	12.0	10.0	0.28049054928850214	0.02741363646522646
-0.08182520489107462	cosine	24.0	14.0	16.0	0.2952532097773707	0.02162395005989455
1.2635799028320713	cosine	24.0	4.0	6.0	0.2583465585551994	0.03847661585264555
-0.9842767979164698	cosine	24.0	16.0	14.0	0.4207358239327533	0.0019860827842088013
-0.7200207696004614	cosine	24.0	8.0	12.0	0.2066772468441595	0.07854663026645384
0.4581252089957377	cosine	24.0	8.0	6.0	0.19929591659972523	0.08622355226943118
-0.28320909472969724	cosine	24.0	4.0	2.0	0.13681201711998336	0.1744777691802858
1.701860084681999	cosine	24.0	6.0	12.0	0.3088569283768125	0.017238887161647665
1.1691324303435742	cosine	24.0	20.0	22.0	0.26572788879963366	0.03444220575113408
0.8307900785433753	cosine	24.0	20.0	22.0	0.21405857708859377	0.07139933215686703
0.06881994588336424	cosine	24.0	8.0	4.0	0.2983835297492112	0.020539183818460795
0.24605914728911416	cosine	24.0	20.0	0.0	0.27107863906271257	0.03174043341798899
-2.1273037450475094	cosine	24.0	14.0	6.0	0.39124120804273904	0.0036982638240428646
0.7860476339247494	cosine	24.0	14.0	12.0	0.22143990733302804	0.06476208627439409
-1.9681403145466152	cosine	24.0	18.0	20.0	0.34387885384212036	0.009281315096840078
0.339145103830642	cosine	24.0	12.0	14.0	0.26572788879963366	0.03444220575113408
-1.4405656198808836	cosine	24.0	0.0	2.0	0.2583465585551994	0.03847661585264555
1.1490306368168515	cosine	24.0	18.0	16.0	0.34387885384212036	0.009281315096840078
-0.020497197485716698	cosine	24.0	22.0	20.0	0.32477853075510776	0.013093115992743426
0.3599913498842252	cosine	24.0	8.0	16.0	0.4058670475957386	0.0027299213020319725
-0.9854799669237433	cosine	24.0	2.0	0.0	0.24358389806633082	0.04769966180633572
0.5264370411205149	cosine	24.0	8.0	12.0	0.2066772468441595	0.07854663026645384
0.8874345305513464	cosine	24.0	16.0	0.0	0.3254249300542409	0.012944793795829015
0.37077779483187906	cosine	24.0	6.0	2.0	0.1731361222001596	0.11795090932869162
0.7729155320189807	cosine	24.0	12.0	10.0	0.3100158702662392	0.016903200710028324
0.7905870765201969	cosine	24.0	12.0	18.0	0.20590461891787498	0.07932505515945215
-1.8042343507897118	cosine	24.0	10.0	8.0	0.33215986099954203	0.011483852877009561
-1.30313853150082	cosine	24.0	6.0	10.0	0.4088959481748449	0.002560614606221767
0.3717521299760409	cosine	24.0	20.0	18.0	0.24034543548105186	0.04994280222373064
1.0365452586654327	cosine	24.0	0.0	22.0	0.24177284024512205	0.04894394450731348
-1.3266721289619334	cosine	24.0	6.0	20.0	0.2564257396539173	0.03958738267049287
-0.07974645726090948	cosine	24.0	12.0	14.0	0.23620256782189655	0.052934139906380795
0.4076043375880733	cosine	24.0	18.0	14.0	0.31311851887262904	0.016031910355278088
1.4160925704616159	cosine	24.0	2.0	22.0	0.42205316296266615	0.0019299973647081317
0.13026657255714377	cosine	24.0	6.0	4.0	0.28049054928850214	0.02741363646522646
0.712064859796227	cosine	24.0	12.0	4.0	0.34005076960724046	0.009956246028067745
-2.2006250540110552	cosine	24.0	20.0	18.0	0.19597397046916537	0.08985625322931617
-1.9154577569963376	cosine	24.0	18.0	14.0	0.37942596992800925	0.004694491835707916
0.46256192996456413	cosine	24.0	20.0	6.0	0.45423988167265356	0.0009362824376808947
0.44357954310951514	cosine	24.0	0.0	2.0	0.19191458635529096	0.09444831922890234
0.7459944185004027	cosine	24.0	20.0	22.0	0.22882123757746228	0.05861420943696903
0.8854075371087847	cosine	24.0	16.0	18.0	0.4104360513599501	0.0024782190637700975
0.027564459952435748	cosine	24.0	20.0	22.0	0.19191458635529096	0.09444831922890234
1.5394504606319308	cosine	24.0	4.0	2.0	0.4400170280345411	0.0012961112381875797
0.1862388088304297	cosine	24.0	22.0	12.0	0.31503733728909844	0.015512560718579184
0.3803806572160946	cosine	24.0	12.0	10.0	0.2066772468441595	0.07854663026645384
-1.121897465445807	cosine	24.0	20.0	18.0	0.2551359238183474	0.04034778682105685
-2.0580391094269705	cosine	24.0	12.0	2.0	0.2018515127212751	0.08350450624194317
0.4547146200648462	cosine	24.0	12.0	10.0	0.28049054928850214	0.02741363646522646
-0.1020803722751288	cosine	24.0	12.0	16.0	0.41626344273655386	0.002187709194618986
0.23375761279564775	cosine	24.0	8.0	10.0	0.2878718795329364	0.024374796195956446
0.17292444647863825	cosine	24.0	22.0	0.0	0.22711994083632678	0.059988929747551704
0.5067236543673932	cosine	24.0	0.0	22.0	0.18316124260994093	0.1049347021149013
-0.985212833972137	cosine	24.0	2.0	8.0	0.40152845361313605	0.0029900564410862453
-1.623894363933248	cosine	24.0	10.0	8.0	0.3469225214884106	0.008773600268086433
1.0386060991267576	cosine	24.0	20.0	22.0	0.2731092190440679	0.030762062328506853
-0.795339138184632	cosine	24.0	6.0	2.0	0.27628104606408443	0.02928387041000692
0.6443387638150364	cosine	24.0	2.0	6.0	0.3867934644897182	0.004048549572026775
1.1006533748733025	cosine	24.0	22.0	0.0	0.37364893492427953	0.005263710294693397
1.5361316654006179	cosine	24.0	18.0	0.0	0.3868716201388816	0.004042146445564905
0.531777714342613	cosine	24.0	22.0	0.0	0.2564257396539173	0.03958738267049287
0.4508387354110377	cosine	24.0	16.0	18.0	0.17378823796322213	0.11707097859576515
-1.4705316334845604	cosine	24.0	18.0	16.0	0.23295019131240413	0.055380662873957556
-0.806236351943671	cosine	24.0	12.0	10.0	0.24358389806633082	0.04769966180633572
0.18218559025958764	cosine	24.0	20.0	22.0	0.3912105029550162	0.003700585778126575
-1.4604709399465614	cosine	24.0	10.0	12.0	0.30263454002180495	0.019140153805216078
-0.32393185310157907	cosine	24.0	8.0	10.0	0.23620256782189655	0.052934139906380795
-0.905887547215851	cosine	24.0	18.0	20.0	0.21076445880646086	0.0745247925817003
1.1176212532699936	cosine	24.0	0.0	22.0	0.3077108875847008	0.01757642110804049
1.0818248477718289	cosine	24.0	10.0	4.0	0.3088569283768125	0.017238887161647665
-0.8697703323107434	cosine	24.0	0.0	22.0	0.24177284024512205	0.04894394450731348
0.46012004929923334	cosine	24.0	6.0	0.0	0.37504055588612945	0.005121247717925717
0.24801715103069585	cosine	24.0	22.0	20.0	0.24358389806633082	0.04769966180633572
-0.6168415678838206	cosine	24.0	16.0	20.0	0.29414945559696426	0.022017809811881017
0.5167115184554577	cosine	24.0	0.0	22.0	0.2564257396539173	0.03958738267049287
1.3205944937342289	cosine	24.0	4.0	2.0	0.24034543548105186	0.04994280222373064
1.1337008950200114	cosine	24.0	16.0	22.0	0.2124670414275315	0.07289658589843155
0.2636646702979613	cosine	24.0	6.0	0.0	0.22796582808764732	0.059302293251139775
1.151146566393946	cosine	24.0	4.0	6.0	0.26572788879963366	0.03444220575113408
-0.5341965582492821	cosine	24.0	14.0	16.0	0.3100158702662392	0.016903200710028324
0.5052767884270463	cosine	24.0	16.0	20.0	0.15442846418840625	0.1452056906890667
0.3082490065631361	cosine	24.0	16.0	18.0	0.2551359238183474	0.04034778682105685
-0.9314347199922749	cosine	24.0	14.0	12.0	0.2731092190440679	0.030762062328506853
-0.008224119184146682	cosine	24.0	10.0	12.0	0.19929591659972523	0.08622355226943118
-0.6611783413867784	cosine	24.0	16.0	14.0	0.22143990733302804	0.06476208627439409
-1.2631928104417354	cosine	24.0	20.0	12.0	0.3296902366978937	0.01200202793833976
0.7937686392909536	cosine	24.0	8.0	10.0	0.16238926537755388	0.1331294177656946
-1.2469567655795286	cosine	24.0	6.0	14.0	0.2669215718422425	0.03382364878829115
0.9376611572299527	cosine	24.0	12.0	22.0	0.30038443788030317	0.01987023624788583
0.0300539050995231	cosine	24.0	20.0	16.0	0.3162106647667366	0.015202154824326483
0.5140587072430484	cosine	24.0	12.0	18.0	0.1985508825279509	0.08702857063002639
-0.44459464151047345	cosine	24.0	0.0	20.0	0.1758347929055433	0.11433970056138665
0.613645475842345	cosine	24.0	16.0	14.0	0.2509652283107651	0.042888118888463896
0.3661143153555727	cosine	24.0	4.0	10.0	0.17648967335817856	0.11347537277868341
0.13228277219411766	cosine	24.0	20.0	0.0	0.46889278108144883	0.0006635662708367486
0.5193080740532077	cosine	24.0	14.0	6.0	0.1718536147477452	0.11969508363170434
0.41066893784409775	cosine	24.0	2.0	6.0	0.3425884971194647	0.009504204798824281
-0.8416893869589696	cosine	24.0	16.0	14.0	0.14024527464425107	0.16849709470074392
0.10273460996722387	cosine	24.0	16.0	18.0	0.24034543548105186	0.04994280222373064
-2.1984667843450088	cosine	24.0	0.0	2.0	0.21405857708859377	0.07139933215686703
-0.8579048191897344	cosine	24.0	6.0	4.0	0.2066772468441595	0.07854663026645384
0.7701590378540277	cosine	24.0	16.0	14.0	0.2066772468441595	0.07854663026645384
-0.4980693541584258	cosine	24.0	18.0	20.0	0.12941677295133563	0.18781168020979827
-0.9951313312999235	cosine	24.0	22.0	20.0	0.24358389806633082	0.04769966180633572
1.3989869100497627	cosine	24.0	16.0	18.0	0.17378823796322213	0.11707097859576515
-0.16862501918680953	cosine	24.0	0.0	20.0	0.19048769231433857	0.09610287952344321
0.0425031303397839	cosine	24.0	22.0	2.0	0.22387167774541422	0.06268366142713092
-0.07867343422776835	cosine	24.0	14.0	16.0	0.22143990733302804	0.06476208627439409
0.191245309999995	cosine	24.0	10.0	20.0	0.26375218935831496	0.03548639977917875
1.4627959789526197	cosine	24.0	16.0	12.0	0.20260610044699526	0.0827141103030547
0.6710201959776998	cosine	24.0	2.0	4.0	0.4104360513599501	0.0024782190637700975
-1.1539121438996842	cosine	24.0	12.0	10.0	0.28049054928850214	0.02741363646522646
-0.982945164108198	cosine	24.0	14.0	16.0	0.3616851819772791	0.0066412775630506635
0.27097417861217066	cosine	24.0	14.0	22.0	0.3559926678902488	0.0074021542409467705
0.2344250933145816	cosine	24.0	0.0	4.0	0.27628104606408443	0.02928387041000692
-0.39936594750038085	cosine	24.0	14.0	12.0	0.3690665122217134	0.00575805764378841
-0.5176718779270045	cosine	24.0	12.0	8.0	0.19929591659972523	0.08622355226943118
0.55993497301973	cosine	24.0	22.0	0.0	0.3077108875847008	0.01757642110804049
1.2307056229476412	cosine	24.0	20.0	0.0	0.31503733728909844	0.015512560718579184
0.061153672998244035	cosine	24.0	6.0	4.0	0.2583465585551994	0.03847661585264555
0.6219676599880908	cosine	24.0	6.0	4.0	0.2583465585551994	0.03847661585264555
0.5582327254359755	cosine	24.0	10.0	12.0	0.2066772468441595	0.07854663026645384
-0.1484602922386097	cosine	24.0	12.0	10.0	0.28049054928850214	0.02741363646522646
-1.7904782998526638	cosine	24.0	8.0	14.0	0.272088246427192	0.0312508191139719
-1.3788595919784514	cosine	24.0	12.0	14.0	0.3173972005106735	0.014893695995628085
0.3507843376278993	cosine	24.0	20.0	14.0	0.2679120077936924	0.03331737652423981
0.865070102164247	cosine	24.0	14.0	12.0	0.13286394439981683	0.1815197663058417
1.674564945039104	cosine	24.0	18.0	16.0	0.33648360967347263	0.010623344634627566
-0.05221491739811307	cosine	24.0	22.0	2.0	0.34865261288220245	0.00849599441162096
-1.1590838942331854	cosine	24.0	16.0	12.0	0.32785350799604684	0.012400444227444124
1.7237524226593872	cosine	24.0	22.0	0.0	0.38097538462867714	0.004551476929324292
-0.10573078506599756	cosine	24.0	20.0	2.0	0.5594383629022343	6.409156390952915e-05
0.2052263368520745	cosine	24.0	22.0	0.0	0.1538554437923504	0.1461025192525654
0.4656060946157302	cosine	24.0	12.0	0.0	0.3254249300542409	0.012944793795829015
-0.26007483704983975	cosine	24.0	6.0	14.0	0.28886033117174187	0.023990189143146694
-0.2327330628113501	cosine	24.0	22.0	20.0	0.2066772468441595	0.07854663026645384
0.2173860788248115	cosine	24.0	2.0	22.0	0.3046122828339243	0.01851739807192879
-0.48154781630741245	cosine	24.0	4.0	0.0	0.2983835297492112	0.020539183818460795
-0.8296601473315074	cosine	24.0	18.0	14.0	0.24681106781724876	0.04554533424377086
-0.2976853615557492	cosine	24.0	10.0	20.0	0.31503733728909844	0.015512560718579184
-0.3531464922506366	cosine	24.0	16.0	20.0	0.29414945559696426	0.022017809811881017
-0.5513589867327762	cosine	24.0	20.0	18.0	0.19597397046916537	0.08985625322931617
-0.8486134383819056	cosine	24.0	18.0	20.0	0.18118348213186988	0.10741654185240362
-1.2813022467885904	cosine	24.0	2.0	4.0	0.3290883655048249	0.012131343131205926
0.33399349777500864	cosine	24.0	10.0	20.0	0.32236378699349605	0.013660266883671912
1.2672905418624438	cosine	24.0	14.0	16.0	0.21405857708859377	0.07139933215686703
0.18569140865054956	cosine	24.0	6.0	4.0	0.3395411912439763	0.010049245916082774
-1.105430034033368	cosine	24.0	6.0	2.0	0.3573234862428825	0.0072177043070196685
-0.743402912316962	cosine	24.0	0.0	2.0	0.26572788879963366	0.03444220575113408
-0.8486818995642464	cosine	24.0	0.0	20.0	0.32236378699349605	0.013660266883671912
-0.8412128871120265	cosine	24.0	20.0	8.0	0.20110529385374434	0.08429170481567638
0.9008682588637503	cosine	24.0	4.0	6.0	0.28049054928850214	0.02741363646522646
0.7250753322648769	cosine	24.0	6.0	4.0	0.2583465585551994	0.03847661585264555
-0.5748006547168371	cosine	24.0	16.0	18.0	0.3142978771675294	0.015710968084713377
1.5934414336949543	cosine	24.0	10.0	8.0	0.28049054928850214	0.02741363646522646
1.5318618262867363	cosine	24.0	20.0	4.0	0.24498281251274312	0.04675598822900129
0.6233992649445547	cosine	24.0	16.0	22.0	0.1978141420187362	0.0878301350644845
0.8673715179242422	cosine	24.0	6.0	10.0	0.2689135515023755	0.032811789040382046
-0.618302476097844	cosine	24.0	22.0	20.0	0.21405857708859377	0.07139933215686703
-0.7326789511882698	cosine	24.0	8.0	6.0	0.22143990733302804	0.06476208627439409
0.3852535170907083	cosine	24.0	22.0	0.0	0.26375218935831496	0.03548639977917875
0.6978042770966001	cosine	24.0	2.0	4.0	0.3069026329988816	0.017817847893956983
-0.06486811294555717	cosine	24.0	0.0	20.0	0.4322605325594606	0.0015418834458715692
0.7460614902285757	cosine	24.0	6.0	4.0	0.17715192586642242	0.11260606365924808
-0.8723274475570837	cosine	24.0	8.0	4.0	0.28364854062579337	0.02607689362942387
0.7330935672833003	cosine	24.0	14.0	12.0	0.32477853075510776	0.013093115992743426
-1.4604785200415051	cosine	24.0	8.0	10.0	0.1845332561108567	0.10323755908592297
-0.058743131520581346	cosine	24.0	14.0	18.0	0.27628104606408443	0.02928387041000692
0.8037600872894208	cosine	24.0	0.0	22.0	0.20514059172313384	0.08010054349500118
0.48577237823349295	cosine	24.0	10.0	14.0	0.4236309372982628	0.0018647196863375262
1.1620536929574024	cosine	24.0	0.0	16.0	0.49362208491373616	0.0003632948578662881
1.4009131420788175	cosine	24.0	22.0	0.0	0.1758347929055433	0.11433970056138665
-0.6453552029019389	cosine	24.0	8.0	10.0	0.33215986099954203	0.011483852877009561
-1.0512883288389625	cosine	24.0	12.0	10.0	0.24358389806633082	0.04769966180633572
1.6666009103046735	cosine	24.0	6.0	8.0	0.3173972005106735	0.014893695995628085
1.0475736050318656	cosine	24.0	6.0	10.0	0.32785350799604684	0.012400444227444124
-1.1659539214199799	cosine	24.0	16.0	0.0	0.25960865206574274	0.037760701669805136
0.2990887752761066	cosine	24.0	6.0	8.0	0.26572788879963366	0.03444220575113408
0.2324524190519453	cosine	24.0	20.0	16.0	0.2132583553077991	0.07214917198900778
-0.1331184268231189	cosine	24.0	6.0	20.0	0.3516695858110866	0.008030305253720312
1.5199053707841572	cosine	24.0	20.0	18.0	0.3734598305167114	0.005283338852544909
0.3871520560211709	cosine	24.0	18.0	12.0	0.13972099140855804	0.16940176019498548
-2.035730498042725	cosine	24.0	16.0	18.0	0.24034543548105186	0.04994280222373064
0.8580456813196046	cosine	24.0	18.0	14.0	0.40152845361313605	0.0029900564410862453
0.7251511996349854	cosine	24.0	2.0	0.0	0.22143990733302804	0.06476208627439409
-1.088423779104481	cosine	24.0	20.0	22.0	0.22882123757746228	0.05861420943696903
-0.7314657308444492	cosine	24.0	0.0	22.0	0.23444639054072441	0.05424431461757581
1.2755160469107334	cosine	24.0	6.0	14.0	0.34005076960724046	0.009956246028067745
-1.2734031160546513	cosine	24.0	18.0	16.0	0.3290883655048249	0.012131343131205926
-0.08449041100369768	cosine	24.0	10.0	6.0	0.3352210025577558	0.010868624632020605
-1.3292620224848515	cosine	24.0	20.0	18.0	0.3290883655048249	0.012131343131205926
0.04871711384555538	cosine	24.0	14.0	10.0	0.2541785623789577	0.040919829260890266
0.32385947302410156	cosine	24.0	10.0	6.0	0.29101603518750224	0.023169067299739072
0.2626074198010629	cosine	24.0	2.0	0.0	0.3469225214884106	0.008773600268086433
0.4045970857260836	cosine	24.0	14.0	12.0	0.3838291727105819	0.00429821088254844
0.14151709587740408	cosine	24.0	2.0	4.0	0.34387885384212036	0.009281315096840078
-0.14937735461674162	cosine	24.0	14.0	8.0	0.3382718739365089	0.01028420398543131
0.5144649498816211	cosine	24.0	20.0	22.0	0.19929591659972523	0.08622355226943118
-0.7089301569157987	cosine	24.0	10.0	8.0	0.19929591659972523	0.08622355226943118
-0.5504732663047238	cosine	24.0	6.0	8.0	0.2952532097773707	0.02162395005989455
0.5867941818164256	cosine	24.0	4.0	6.0	0.37644784246614765	0.004980681982243198
1.534294934873964	cosine	24.0	6.0	4.0	0.22882123757746228	0.05861420943696903
1.0079401705144848	cosine	24.0	22.0	0.0	0.1758347929055433	0.11433970056138665
-0.6337515203281824	cosine	24.0	10.0	16.0	0.40445550144582587	0.0028122218604653615
0.6567786015832862	cosine	24.0	22.0	0.0	0.2124670414275315	0.07289658589843155
1.5378552049082503	cosine	24.0	16.0	18.0	0.38825031885400685	0.003930673389220724
-0.24049109530719684	cosine	24.0	6.0	20.0	0.41760763315066535	0.0021252413268578177
0.4912537288330602	cosine	24.0	10.0	12.0	0.19191458635529096	0.09444831922890234
-1.4310723966913441	cosine	24.0	4.0	2.0	0.2551359238183474	0.04034778682105685
1.0136253083513032	cosine	24.0	16.0	20.0	0.3235644011566607	0.013375682598903569
0.2515097623186389	cosine	24.0	0.0	2.0	0.1845332561108567	0.10323755908592297
-2.3481557563274085	cosine	24.0	8.0	10.0	0.2952532097773707	0.02162395005989455
1.1988399931214082	cosine	24.0	12.0	14.0	0.30263454002180495	0.019140153805216078
1.3093619303893618	cosine	24.0	14.0	8.0	0.3235644011566607	0.013375682598903569
0.025723568704520472	cosine	24.0	12.0	6.0	0.22796582808764732	0.059302293251139775
-0.10686074951042111	cosine	24.0	22.0	16.0	0.27107863906271257	0.03174043341798899
-0.2690759569248389	cosine	24.0	6.0	4.0	0.28049054928850214	0.02741363646522646
-1.0311817112919115	cosine	24.0	12.0	10.0	0.24358389806633082	0.04769966180633572
0.3166387160637132	cosine	24.0	4.0	6.0	0.32477853075510776	0.013093115992743426
-0.0607079963941831	cosine	24.0	18.0	20.0	0.21076445880646086	0.0745247925817003
-2.3458322490077017	cosine	24.0	10.0	18.0	0.30038443788030317	0.01987023624788583
-0.47085909085934086	cosine	24.0	2.0	4.0	0.3142978771675294	0.015710968084713377
-0.8501746918562664	cosine	24.0	12.0	10.0	0.2952532097773707	0.02162395005989455
0.5473792133499428	cosine	24.0	0.0	22.0	0.22711994083632678	0.059988929747551704
0.0667456505324623	cosine	24.0	10.0	2.0	0.32236378699349605	0.013660266883671912
0.8750577187544826	cosine	24.0	22.0	2.0	0.1578111826729969	0.13998700405089382
-0.32832061752673164	cosine	24.0	14.0	12.0	0.32477853075510776	0.013093115992743426
-1.2658100322161265	cosine	24.0	8.0	18.0	0.2930579881759055	0.022413223470489428
-0.03815942078349989	cosine	24.0	4.0	6.0	0.24358389806633082	0.04769966180633572
0.06691154279210447	cosine	24.0	0.0	22.0	0.2124670414275315	0.07289658589843155
0.48591028377073314	cosine	24.0	8.0	12.0	0.2509652283107651	0.042888118888463896
1.357295646603283	cosine	24.0	6.0	4.0	0.4797864658882274	0.0005105902815141257
-0.8813493401590264	cosine	24.0	10.0	12.0	0.3838291727105819	0.00429821088254844
0.2938348076230723	cosine	24.0	14.0	12.0	0.413354493688319	0.00232862927072122
1.618201425420196	cosine	24.0	14.0	16.0	0.45764247515492457	0.0008650668306068227
2.368124136247289	cosine	24.0	12.0	6.0	0.16913593696825446	0.12345096069325179
-0.2843204004836752	cosine	24.0	20.0	22.0	0.22143990733302804	0.06476208627439409
1.4883905754738134	cosine	24.0	18.0	14.0	0.2689135515023755	0.032811789040382046
-0.8570367490415759	cosine	24.0	22.0	20.0	0.17715192586642242	0.11260606365924808
1.191251981394029	cosine	24.0	2.0	16.0	0.21653162273736784	0.06911977279696901
-1.226843945993558	cosine	24.0	16.0	18.0	0.2625311679869951	0.03614461188618968
-1.3419027356879225	cosine	24.0	18.0	10.0	0.2857315384715079	0.025225367793130095
-0.04068414863787078	cosine	24.0	4.0	2.0	0.17378823796322213	0.11707097859576515
0.19339345323863785	cosine	24.0	12.0	14.0	0.2583465585551994	0.03847661585264555
0.2621990882796212	cosine	24.0	14.0	18.0	0.20997359500870416	0.07529048637923798
2.0956125069596974	cosine	24.0	20.0	22.0	0.2509652283107651	0.042888118888463896
0.9357886273830758	cosine	24.0	4.0	2.0	0.1885787263005176	0.09834961988888624
1.6563989133224624	cosine	24.0	6.0	4.0	0.2583465585551994	0.03847661585264555
1.1117664561026737	cosine	24.0	4.0	8.0	0.4678359046685163	0.0006804648061914029
0.8688764524734521	cosine	24.0	12.0	10.0	0.17715192586642242	0.11260606365924808
-0.8149802316833621	cosine	24.0	4.0	2.0	0.20336921463781313	0.08192052243423542
0.016203383700789793	cosine	24.0	16.0	18.0	0.2551359238183474	0.04034778682105685
0.7273942761961302	cosine	24.0	12.0	10.0	0.21405857708859377	0.07139933215686703
-0.9745277227123609	cosine	24.0	8.0	2.0	0.3720584753663004	0.005430836150817805
-0.9710275533639765	cosine	24.0	20.0	0.0	0.27840508876711023	0.028327345676766758
1.8396488928607106	cosine	24.0	18.0	16.0	0.21076445880646086	0.0745247925817003
0.2587535383956583	cosine	24.0	22.0	0.0	0.16850834320114566	0.12432991439258562
0.0949679317643369	cosine	24.0	16.0	12.0	0.19523860588528633	0.09067556890797257
