ID	Waveform	Period	Phase	Nadir	Tau	P
0.8550808608818322	cosine	24.0	10.0	12.0	0.17715192586642242	0.11260606365924808
0.712562301882034	cosine	24.0	10.0	8.0	0.3395411912439763	0.010049245916082774
-0.8235526171914734	cosine	24.0	16.0	18.0	0.23295019131240413	0.055380662873957556
0.4640765964318356	cosine	24.0	20.0	18.0	0.2773216563242906	0.02881195020498228
0.43134021965466335	cosine	24.0	8.0	4.0	0.26154605694066657	0.03668290960514206
-1.6577787657746528	cosine	24.0	16.0	18.0	0.2625311679869951	0.03614461188618968
-1.3244585079786206	cosine	24.0	0.0	22.0	0.24177284024512205	0.04894394450731348
0.5405332993619374	cosine	24.0	20.0	18.0	0.24774067964969962	0.04493949144849353
-0.3260658324709534	cosine	24.0	10.0	12.0	0.3616851819772791	0.0066412775630506635
1.6712960038315796	cosine	24.0	18.0	16.0	0.29950738883023387	0.02016114215609676
0.1578037206923253	cosine	24.0	14.0	16.0	0.23620256782189655	0.052934139906380795
-1.1340442285878167	cosine	24.0	8.0	6.0	0.26572788879963366	0.03444220575113408
1.7040150640215983	cosine	24.0	18.0	20.0	0.2551359238183474	0.04034778682105685
-0.44674175430848473	cosine	24.0	6.0	4.0	0.2509652283107651	0.042888118888463896
-0.16935776401163688	cosine	24.0	20.0	14.0	0.22387167774541422	0.06268366142713092
-0.1930630080560811	cosine	24.0	8.0	10.0	0.33215986099954203	0.011483852877009561
0.6787986062347835	cosine	24.0	12.0	10.0	0.26572788879963366	0.03444220575113408
0.27709720838674456	cosine	24.0	8.0	6.0	0.3173972005106735	0.014893695995628085
-0.22479068719651812	cosine	24.0	2.0	6.0	0.16576862763845066	0.12821813932553655
0.005959502692545308	cosine	24.0	0.0	2.0	0.30263454002180495	0.019140153805216078
0.9160593121292209	cosine	24.0	22.0	0.0	0.26375218935831496	0.03548639977917875
-0.29522658224985115	cosine	24.0	22.0	20.0	0.35430385173284484	0.007642194440630212
0.4336674560631452	cosine	24.0	4.0	6.0	0.19929591659972523	0.08622355226943118
0.12132865446190762	cosine	24.0	2.0	4.0	0.24034543548105186	0.04994280222373064
0.2713788840628855	cosine	24.0	20.0	18.0	0.21815970297510862	0.06764995867882109
-1.2892235164676538	cosine	24.0	2.0	20.0	0.20841821363024415	0.0768138415244357
-0.20714675607896418	cosine	24.0	14.0	16.0	0.30263454002180495	0.019140153805216078
-0.9248582407175886	cosine	24.0	6.0	0.0	0.3971017650559018	0.0032782919758639786
0.019693041148934526	cosine	24.0	10.0	12.0	0.1550079351331196	0.14430254111594104
-0.022357202183472875	cosine	24.0	14.0	16.0	0.17715192586642242	0.11260606365924808
0.2626947436057372	cosine	24.0	10.0	8.0	0.33215986099954203	0.011483852877009561
-1.136228037322221	cosine	24.0	8.0	0.0	0.3370166864022913	0.010521242945149252
-0.7384714418111734	cosine	24.0	22.0	0.0	0.23444639054072441	0.05424431461757581
-0.10415340041406804	cosine	24.0	4.0	2.0	0.22555494714375637	0.0612756889104502
0.519974043230579	cosine	24.0	16.0	12.0	0.28364854062579337	0.02607689362942387
1.3579820726188017	cosine	24.0	0.0	16.0	0.28886033117174187	0.023990189143146694
-1.1891538404777375	cosine	24.0	4.0	18.0	0.3883018343330748	0.003926562060915238
-0.45524718223506055	cosine	24.0	6.0	8.0	0.2583465585551994	0.03847661585264555
-1.1674306352733377	cosine	24.0	10.0	6.0	0.4088959481748449	0.002560614606221767
-1.0865577700560507	cosine	24.0	20.0	18.0	0.1885787263005176	0.09834961988888624
-0.33405345785802015	cosine	24.0	0.0	4.0	0.23944357325553983	0.05058223589567321
0.04384064687939014	cosine	24.0	18.0	2.0	0.4835456804902441	0.0004658785759889497
0.3536287202995334	cosine	24.0	8.0	4.0	0.2173410895704131	0.0683859475317161
1.0231120832003475	cosine	24.0	18.0	16.0	0.2699264121556429	0.03230693818080994
-0.15165898458127786	cosine	24.0	10.0	8.0	0.17715192586642242	0.11260606365924808
-2.465350599570586	cosine	24.0	22.0	6.0	0.20841821363024415	0.0768138415244357
0.20458054135187245	cosine	24.0	16.0	18.0	0.24034543548105186	0.04994280222373064
-0.2790681800881484	cosine	24.0	8.0	10.0	0.28049054928850214	0.02741363646522646
0.6614513961953083	cosine	24.0	18.0	16.0	0.20336921463781313	0.08192052243423542
0.4489518637632921	cosine	24.0	12.0	14.0	0.3100158702662392	0.016903200710028324
0.48607477948935396	cosine	24.0	16.0	22.0	0.2857315384715079	0.025225367793130095
1.9235636966483982	cosine	24.0	18.0	20.0	0.3216931213361771	0.01382149916799702
-0.15248031490754724	cosine	24.0	2.0	0.0	0.33215986099954203	0.011483852877009561
-1.5093519359575571	cosine	24.0	20.0	0.0	0.4029547337418701	0.0029021736212107687
0.10566019583300278	cosine	24.0	0.0	20.0	0.2490992899495197	0.04406574993045694
0.5535765097342009	cosine	24.0	12.0	10.0	0.19191458635529096	0.09444831922890234
-1.2233609883406276	cosine	24.0	8.0	10.0	0.32477853075510776	0.013093115992743426
0.49941212568117477	cosine	24.0	10.0	12.0	0.22143990733302804	0.06476208627439409
-1.2184290440668133	cosine	24.0	8.0	6.0	0.35430385173284484	0.007642194440630212
-0.25069727255994556	cosine	24.0	22.0	20.0	0.17715192586642242	0.11260606365924808
1.1631356230917689	cosine	24.0	2.0	6.0	0.32785350799604684	0.012400444227444124
-1.093454759743402	cosine	24.0	0.0	2.0	0.39859183319945046	0.003178592823322213
-2.0966847171835137	cosine	24.0	8.0	10.0	0.28049054928850214	0.02741363646522646
-0.4104527563398593	cosine	24.0	4.0	6.0	0.35430385173284484	0.007642194440630212
-1.4610482283210233	cosine	24.0	10.0	12.0	0.24358389806633082	0.04769966180633572
-0.20830419372302694	cosine	24.0	12.0	14.0	0.26572788879963366	0.03444220575113408
0.3476107835520482	cosine	24.0	14.0	8.0	0.3235644011566607	0.013375682598903569
0.1729520085946141	cosine	24.0	8.0	2.0	0.44573342098338953	0.001138513936955571
-1.0773482555165237	cosine	24.0	14.0	12.0	0.2878718795329364	0.024374796195956446
-0.051656475646468386	cosine	24.0	18.0	16.0	0.20336921463781313	0.08192052243423542
-1.7473623102435556	cosine	24.0	12.0	10.0	0.2583465585551994	0.03847661585264555
-0.1982471636951359	cosine	24.0	18.0	16.0	0.2551359238183474	0.04034778682105685
0.4226175853043787	cosine	24.0	14.0	12.0	0.14024527464425107	0.16849709470074392
1.665424964873654	cosine	24.0	12.0	8.0	0.2509652283107651	0.042888118888463896
0.6644406312485747	cosine	24.0	4.0	6.0	0.3469225214884106	0.008773600268086433
-0.3053596401429249	cosine	24.0	10.0	18.0	0.344343136106689	0.009202243653261678
-0.9044736112133239	cosine	24.0	18.0	20.0	0.24774067964969962	0.04493949144849353
0.20122547712246214	cosine	24.0	8.0	14.0	0.3382718739365089	0.010284203985431312
0.14535839536025894	cosine	24.0	2.0	18.0	0.3516695858110866	0.008030305253720312
0.45470219176271304	cosine	24.0	14.0	12.0	0.14762660488868534	0.15609104027542364
0.6102739718608957	cosine	24.0	12.0	22.0	0.26375218935831496	0.03548639977917875
0.9378566157318812	cosine	24.0	14.0	6.0	0.3766153684897394	0.004964179797329569
1.0154745807821326	cosine	24.0	20.0	18.0	0.3216931213361771	0.01382149916799702
-0.9754699612947374	cosine	24.0	2.0	0.0	0.2878718795329364	0.024374796195956446
-1.89566259826049	cosine	24.0	12.0	8.0	0.21405857708859377	0.07139933215686703
0.4073280560751288	cosine	24.0	0.0	16.0	0.2815474113952421	0.026960055111695882
0.13211039251838325	cosine	24.0	4.0	6.0	0.2509652283107651	0.042888118888463896
0.04955307393262115	cosine	24.0	8.0	10.0	0.16977059562198815	0.12256654833167985
-0.810280213438979	cosine	24.0	0.0	22.0	0.23444639054072441	0.05424431461757581
-0.5186127220473921	cosine	24.0	14.0	16.0	0.4207358239327533	0.0019860827842088013
-2.4903336116922756	cosine	24.0	2.0	6.0	0.1805036167618685	0.10827938255929248
0.5536878546561764	cosine	24.0	4.0	6.0	0.07381330244434267	0.3066645982820585
0.31528434105265024	cosine	24.0	16.0	14.0	0.3838291727105819	0.00429821088254844
-0.12415266590861371	cosine	24.0	2.0	6.0	0.3425884971194647	0.009504204798824281
0.6299987140864665	cosine	24.0	10.0	14.0	0.31311851887262904	0.016031910355278088
1.6264286578338574	cosine	24.0	12.0	10.0	0.4354984844216218	0.001434531998309761
-0.5106530630983024	cosine	24.0	22.0	0.0	0.3516695858110866	0.008030305253720312
-0.9349033490801915	cosine	24.0	8.0	10.0	0.2878718795329364	0.024374796195956446
-1.6761861124205764	cosine	24.0	4.0	18.0	0.24177284024512205	0.04894394450731348
-0.515235081762796	cosine	24.0	12.0	14.0	0.3469225214884106	0.008773600268086433
0.08161241629170014	cosine	24.0	18.0	4.0	0.36632248521988187	0.006073423898817913
0.315330497395373	cosine	24.0	16.0	22.0	0.32236378699349605	0.013660266883671912
1.1002118411811814	cosine	24.0	22.0	0.0	0.31503733728909844	0.015512560718579184
-0.14285431843273902	cosine	24.0	18.0	16.0	0.29950738883023387	0.02016114215609676
-0.85621802530501	cosine	24.0	6.0	8.0	0.39859183319945046	0.003178592823322213
0.4366499039030808	cosine	24.0	0.0	20.0	0.32236378699349605	0.013660266883671912
-0.10931165068762454	cosine	24.0	12.0	14.0	0.2731092190440679	0.030762062328506853
-2.016772260475588	cosine	24.0	16.0	18.0	0.22555494714375637	0.0612756889104502
0.5763391801729427	cosine	24.0	22.0	0.0	0.22711994083632678	0.059988929747551704
1.2015419799632214	cosine	24.0	16.0	14.0	0.22882123757746228	0.05861420943696903
1.2690451506833038	cosine	24.0	4.0	8.0	0.2173410895704131	0.0683859475317161
-0.09025227603865305	cosine	24.0	12.0	14.0	0.2583465585551994	0.03847661585264555
-1.3122277233305484	cosine	24.0	10.0	16.0	0.23531956447757144	0.053589721789768105
-0.734334775430743	cosine	24.0	6.0	4.0	0.3616851819772791	0.0066412775630506635
0.32667768153154836	cosine	24.0	2.0	4.0	0.18118348213186988	0.10741654185240362
1.1267561227669807	cosine	24.0	8.0	10.0	0.4945491263770959	0.00035499671505080416
-0.7414924494778872	cosine	24.0	10.0	12.0	0.4207358239327533	0.0019860827842088013
-0.7408121841849977	cosine	24.0	4.0	2.0	0.2699264121556429	0.03230693818080994
0.058662621489557365	cosine	24.0	14.0	16.0	0.3100158702662392	0.016903200710028324
-0.4410812060913316	cosine	24.0	20.0	18.0	0.29211214466158614	0.02276070879876716
1.0026811173511094	cosine	24.0	14.0	10.0	0.40152845361313605	0.0029900564410862453
-0.7084340926901931	cosine	24.0	6.0	12.0	0.40445550144582587	0.0028122218604653615
-1.5989760291359079	cosine	24.0	2.0	4.0	0.12941677295133563	0.18781168020979827
1.1807231777048908	cosine	24.0	2.0	18.0	0.4029547337418701	0.0029021736212107687
-0.9849357328936602	cosine	24.0	6.0	4.0	0.3100158702662392	0.016903200710028324
1.5204742163248688	cosine	24.0	16.0	22.0	0.344343136106689	0.009202243653261678
2.869055938165879	cosine	24.0	14.0	16.0	0.2509652283107651	0.042888118888463896
-1.207402858755521	cosine	24.0	10.0	6.0	0.224708584132122	0.06198051021301793
0.20103055281422594	cosine	24.0	22.0	0.0	0.3296902366978937	0.01200202793833976
-0.5182016306400599	cosine	24.0	10.0	12.0	0.2878718795329364	0.024374796195956446
-1.7959928925602378	cosine	24.0	18.0	0.0	0.3576737620151924	0.007169835382404369
-0.5607948349322076	cosine	24.0	2.0	4.0	0.29950738883023387	0.02016114215609676
1.0707309648234187	cosine	24.0	14.0	12.0	0.37644784246614765	0.004980681982243198
-1.0152931669689855	cosine	24.0	16.0	10.0	0.3897480286659777	0.0038127055583381552
-0.5853624863413097	cosine	24.0	0.0	2.0	0.14762660488868534	0.15609104027542364
-0.8275840904128189	cosine	24.0	14.0	12.0	0.42811715417718754	0.00168992695018417
1.172263979700492	cosine	24.0	16.0	18.0	0.21076445880646086	0.0745247925817003
-1.4365474064388888	cosine	24.0	18.0	16.0	0.20336921463781313	0.08192052243423542
0.6151789598206009	cosine	24.0	18.0	16.0	0.20336921463781313	0.08192052243423542
0.24726035886957862	cosine	24.0	12.0	10.0	0.2509652283107651	0.042888118888463896
1.5786411597549395	cosine	24.0	6.0	8.0	0.2731092190440679	0.030762062328506853
1.188402487428803	cosine	24.0	18.0	20.0	0.2773216563242906	0.02881195020498228
1.1922176787845669	cosine	24.0	22.0	0.0	0.27107863906271257	0.03174043341798899
-0.4190114814394821	cosine	24.0	12.0	6.0	0.23531956447757144	0.053589721789768105
-1.3992855470662373	cosine	24.0	20.0	18.0	0.21815970297510862	0.06764995867882109
1.2720095140307461	cosine	24.0	20.0	6.0	0.2564257396539173	0.03958738267049287
1.8219399369669689	cosine	24.0	4.0	6.0	0.3838291727105819	0.00429821088254844
0.037670933572080546	cosine	24.0	6.0	4.0	0.17715192586642242	0.11260606365924808
0.3449685611020777	cosine	24.0	12.0	14.0	0.3100158702662392	0.016903200710028324
-1.2526079877250935	cosine	24.0	12.0	14.0	0.14762660488868534	0.15609104027542364
-0.47310480145270994	cosine	24.0	18.0	14.0	0.16576862763845066	0.12821813932553655
-1.9616193288011468	cosine	24.0	20.0	22.0	0.26572788879963366	0.03444220575113408
0.16775129020771343	cosine	24.0	4.0	10.0	0.2794419828171161	0.027869928627522758
1.4096884350053602	cosine	24.0	2.0	4.0	0.2625311679869951	0.03614461188618968
-0.22273310368748395	cosine	24.0	12.0	14.0	0.22143990733302804	0.06476208627439409
-0.7402691616861574	cosine	24.0	2.0	8.0	0.43836592642168065	0.0013452089331977713
-0.05959178125004371	cosine	24.0	14.0	16.0	0.3469225214884106	0.008773600268086433
-0.0055739829169708386	cosine	24.0	8.0	20.0	0.23766989273624334	0.0518588158081891
-1.2700768748768674	cosine	24.0	8.0	10.0	0.19929591659972523	0.08622355226943118
-0.7284810120976244	cosine	24.0	12.0	14.0	0.2066772468441595	0.07854663026645384
1.0418812461059617	cosine	24.0	20.0	18.0	0.20336921463781313	0.08192052243423542
-1.2603827452101646	cosine	24.0	22.0	0.0	0.24177284024512205	0.04894394450731348
1.882694402693317	cosine	24.0	16.0	18.0	0.18118348213186988	0.10741654185240362
0.3588012361683425	cosine	24.0	22.0	0.0	0.3883018343330748	0.003926562060915238
-1.2728393829536968	cosine	24.0	22.0	4.0	0.3503742974842701	0.008227419609819488
-0.5757027506880292	cosine	24.0	22.0	0.0	0.32236378699349605	0.013660266883671912
0.7976111012003464	cosine	24.0	18.0	20.0	0.2551359238183474	0.04034778682105685
-0.9422594837009092	cosine	24.0	18.0	20.0	0.21815970297510862	0.06764995867882109
-0.22032411119941286	cosine	24.0	8.0	10.0	0.2731092190440679	0.030762062328506853
-1.3452079816810765	cosine	24.0	18.0	20.0	0.17378823796322213	0.11707097859576515
0.8365337134955119	cosine	24.0	2.0	0.0	0.28049054928850214	0.02741363646522646
0.13267027558275346	cosine	24.0	6.0	4.0	0.3100158702662392	0.016903200710028324
-1.1355432601358064	cosine	24.0	20.0	0.0	0.22711994083632678	0.059988929747551704
-1.320653710314604	cosine	24.0	0.0	2.0	0.35430385173284484	0.007642194440630212
-2.283726469179553	cosine	24.0	2.0	20.0	0.36198952893673986	0.006602618688996535
0.18439189561984914	cosine	24.0	18.0	16.0	0.29211214466158614	0.02276070879876716
-0.8270075254490179	cosine	24.0	16.0	14.0	0.2731092190440679	0.030762062328506853
-2.095059949463449	cosine	24.0	22.0	10.0	0.3034861707247415	0.018869840911642614
0.6693389043060515	cosine	24.0	8.0	6.0	0.16977059562198815	0.12256654833167985
2.003499478961819	cosine	24.0	22.0	16.0	0.32236378699349605	0.013660266883671912
-1.9324694845089745	cosine	24.0	4.0	8.0	0.27628104606408443	0.02928387041000692
-1.820662528596531	cosine	24.0	10.0	6.0	0.23944357325553983	0.05058223589567321
0.2637487269911448	cosine	24.0	12.0	14.0	0.24358389806633082	0.04769966180633572
-0.28129667229051064	cosine	24.0	12.0	18.0	0.25002703725741965	0.04347701138065798
-1.2098949169699282	cosine	24.0	16.0	14.0	0.2878718795329364	0.024374796195956446
-0.9651665469761024	cosine	24.0	8.0	4.0	0.224708584132122	0.06198051021301793
-0.6665878677586315	cosine	24.0	8.0	10.0	0.4354984844216218	0.001434531998309761
1.7083572275549157	cosine	24.0	12.0	16.0	0.2541785623789577	0.040919829260890266
0.05870520844190016	cosine	24.0	6.0	4.0	0.3173972005106735	0.014893695995628085
0.15673717863956022	cosine	24.0	16.0	14.0	0.22882123757746228	0.05861420943696903
0.46238428717294466	cosine	24.0	16.0	14.0	0.2066772468441595	0.07854663026645384
-1.6451320357096855	cosine	24.0	4.0	2.0	0.2773216563242906	0.02881195020498228
0.7878638643341854	cosine	24.0	4.0	8.0	0.13629864939161498	0.17538349720096835
0.6059737025791273	cosine	24.0	10.0	14.0	0.20260610044699526	0.0827141103030547
-0.29422967111766146	cosine	24.0	16.0	14.0	0.2509652283107651	0.042888118888463896
0.6520520360720627	cosine	24.0	20.0	22.0	0.2952532097773707	0.02162395005989455
-0.9533341973484437	cosine	24.0	12.0	0.0	0.2742344916187423	0.030230724316061157
-1.1697971543699213	cosine	24.0	20.0	22.0	0.23620256782189655	0.052934139906380795
-0.30323220291800196	cosine	24.0	6.0	10.0	0.3941609590514271	0.003483349956988493
0.6170261011368182	cosine	24.0	4.0	8.0	0.36469098080459145	0.006268102368788777
0.14312282759950679	cosine	24.0	18.0	16.0	0.22555494714375637	0.0612756889104502
-1.152128770514273	cosine	24.0	18.0	22.0	0.41626344273655386	0.002187709194618986
-1.0811034529624843	cosine	24.0	20.0	22.0	0.17715192586642242	0.11260606365924808
0.44644260172609085	cosine	24.0	2.0	0.0	0.1845332561108567	0.10323755908592297
0.5898825350116349	cosine	24.0	12.0	14.0	0.2509652283107651	0.042888118888463896
-0.003957288136701075	cosine	24.0	18.0	16.0	0.3586693421794159	0.0070353044355588755
-1.734640416308462	cosine	24.0	20.0	22.0	0.37644784246614765	0.004980681982243198
-0.012958778453112442	cosine	24.0	2.0	22.0	0.2752520628017388	0.029756812538456148
-0.018022286182099122	cosine	24.0	2.0	4.0	0.21815970297510862	0.06764995867882109
1.3013814571639004	cosine	24.0	16.0	14.0	0.19929591659972523	0.08622355226943118
0.10857021312986068	cosine	24.0	6.0	20.0	0.32236378699349605	0.013660266883671912
-0.316186442824627	cosine	24.0	16.0	22.0	0.31503733728909844	0.015512560718579184
-0.0982142887664489	cosine	24.0	12.0	20.0	0.27107863906271257	0.03174043341798899
1.4545070134464273	cosine	24.0	10.0	14.0	0.3352210025577558	0.010868624632020605
-0.7850202584759108	cosine	24.0	20.0	22.0	0.3469225214884106	0.008773600268086433
-0.8016518403294781	cosine	24.0	12.0	10.0	0.2952532097773707	0.02162395005989455
1.4023306775682618	cosine	24.0	18.0	14.0	0.2689135515023755	0.032811789040382046
0.09072470737810227	cosine	24.0	10.0	0.0	0.43673327297875886	0.0013954236360342212
-2.3561257207159816	cosine	24.0	0.0	20.0	0.4469134319682559	0.0011082524137469671
0.5728102470439533	cosine	24.0	4.0	2.0	0.3216931213361771	0.01382149916799702
-1.4068304665957974	cosine	24.0	22.0	20.0	0.21405857708859377	0.07139933215686703
-0.05373779244698163	cosine	24.0	12.0	14.0	0.22143990733302804	0.06476208627439409
0.7291111390722615	cosine	24.0	16.0	14.0	0.14762660488868534	0.15609104027542364
0.7273703902611192	cosine	24.0	16.0	18.0	0.1589977496259266	0.13818700065494172
-0.13099665646888423	cosine	24.0	10.0	18.0	0.10989674556596457	0.22591886828671226
0.6171679441133767	cosine	24.0	8.0	10.0	0.23620256782189655	0.052934139906380795
1.0730812129346947	cosine	24.0	2.0	4.0	0.21815970297510862	0.06764995867882109
0.07193271187630343	cosine	24.0	6.0	2.0	0.28364854062579337	0.02607689362942387
-0.7333313150574404	cosine	24.0	2.0	22.0	0.3633327228982952	0.006434369694368368
-1.2257947875667827	cosine	24.0	20.0	22.0	0.32477853075510776	0.013093115992743426
0.44247759035140877	cosine	24.0	6.0	4.0	0.45764247515492457	0.0008650668306068227
-0.09539743658699783	cosine	24.0	22.0	2.0	0.19451145771322875	0.09149116941576257
-0.4338132675090061	cosine	24.0	14.0	8.0	0.4191629742256741	0.0020549825603631638
-0.218040234914985	cosine	24.0	16.0	6.0	0.3516695858110866	0.008030305253720312
-1.1756436202755756	cosine	24.0	10.0	6.0	0.26154605694066657	0.03668290960514206
-1.2432966183274434	cosine	24.0	14.0	12.0	0.12548261415538256	0.19515484779068937
-0.8981985561878353	cosine	24.0	12.0	16.0	0.31311851887262904	0.016031910355278088
2.026393092823309	cosine	24.0	12.0	10.0	0.16238926537755388	0.1331294177656946
0.28260926660270563	cosine	24.0	8.0	6.0	0.23620256782189655	0.052934139906380795
0.3955252482094499	cosine	24.0	4.0	2.0	0.1885787263005176	0.09834961988888624
0.07875736418676675	cosine	24.0	20.0	18.0	0.3734598305167114	0.005283338852544909
-1.6614271719349845	cosine	24.0	16.0	22.0	0.3956282840374724	0.003379637955668793
1.1329970251053922	cosine	24.0	0.0	18.0	0.34307483295334784	0.009419653955714239
-0.8068732782945253	cosine	24.0	14.0	16.0	0.2066772468441595	0.07854663026645384
-0.4559241206902814	cosine	24.0	22.0	18.0	0.1731361222001596	0.11795090932869162
0.8478456443664769	cosine	24.0	18.0	16.0	0.33648360967347263	0.010623344634627566
-1.5195056529515136	cosine	24.0	22.0	20.0	0.3469225214884106	0.008773600268086433
-0.009594627912422278	cosine	24.0	10.0	8.0	0.3838291727105819	0.00429821088254844
-0.6509518861258129	cosine	24.0	20.0	18.0	0.29211214466158614	0.02276070879876716
-0.6254668249073164	cosine	24.0	2.0	4.0	0.14420726128863112	0.16176125330350544
1.5775059972222536	cosine	24.0	16.0	18.0	0.24034543548105186	0.04994280222373064
0.3574003466607815	cosine	24.0	18.0	6.0	0.3034861707247415	0.018869840911642614
1.1803806164257653	cosine	24.0	14.0	18.0	0.4236309372982628	0.0018647196863375262
0.62377108010881	cosine	24.0	14.0	0.0	0.31503733728909844	0.015512560718579184
0.12597707482116077	cosine	24.0	10.0	2.0	0.3077108875847008	0.01757642110804049
-1.7294055163809197	cosine	24.0	20.0	22.0	0.19191458635529096	0.09444831922890234
1.046479888197218	cosine	24.0	0.0	22.0	0.2490992899495197	0.04406574993045694
-0.8147625660577072	cosine	24.0	18.0	20.0	0.23295019131240413	0.055380662873957556
0.7037339052202036	cosine	24.0	22.0	16.0	0.4102811834462677	0.0024863946965112097
-0.1780788582354519	cosine	24.0	10.0	14.0	0.2689135515023755	0.032811789040382046
-0.06721274612204144	cosine	24.0	22.0	14.0	0.3046122828339243	0.01851739807192879
0.27392467665553544	cosine	24.0	18.0	16.0	0.45480751637183664	0.0009240395187704023
0.4390795413743416	cosine	24.0	0.0	2.0	0.3100158702662392	0.016903200710028324
-0.26541325847654185	cosine	24.0	20.0	2.0	0.427805806925238	0.0017015580720576638
0.413287110459303	cosine	24.0	8.0	6.0	0.3912105029550162	0.003700585778126575
-0.29439398032904357	cosine	24.0	22.0	20.0	0.32477853075510776	0.013093115992743426
-1.141132293210133	cosine	24.0	14.0	10.0	0.2541785623789577	0.040919829260890266
0.0027554655980904777	cosine	24.0	6.0	4.0	0.3616851819772791	0.0066412775630506635
-1.9070208386140681	cosine	24.0	14.0	12.0	0.1845332561108567	0.10323755908592297
-0.30942475577074147	cosine	24.0	4.0	2.0	0.21815970297510862	0.06764995867882109
-1.626299923091755	cosine	24.0	22.0	20.0	0.23620256782189655	0.052934139906380795
-0.40983960535257824	cosine	24.0	18.0	16.0	0.22555494714375637	0.0612756889104502
-0.09133511591550161	cosine	24.0	18.0	20.0	0.2551359238183474	0.04034778682105685
-0.30372571851597574	cosine	24.0	16.0	10.0	0.20590461891787498	0.07932505515945215
-2.101448663323531	cosine	24.0	14.0	22.0	0.22387167774541422	0.06268366142713092
-0.0625912500207829	cosine	24.0	14.0	16.0	0.4945491263770959	0.00035499671505080416
1.0814028504715387	cosine	24.0	6.0	10.0	0.2173410895704131	0.0683859475317161
0.4650135015523727	cosine	24.0	0.0	22.0	0.37364893492427953	0.005263710294693397
-0.010494589595024162	cosine	24.0	2.0	10.0	0.47621923078584644	0.0005566604935384616
0.09142151505236373	cosine	24.0	14.0	12.0	0.24358389806633082	0.04769966180633572
1.6769225665145202	cosine	24.0	18.0	4.0	0.344343136106689	0.009202243653261678
-0.7804265850702751	cosine	24.0	20.0	22.0	0.26572788879963366	0.03444220575113408
1.4200689460526401	cosine	24.0	4.0	8.0	0.3352210025577558	0.010868624632020605
0.18628643507894857	cosine	24.0	0.0	4.0	0.23207607869383093	0.05605319139859437
0.6248618429942349	cosine	24.0	10.0	4.0	0.272088246427192	0.0312508191139719
-1.0560093970637394	cosine	24.0	20.0	18.0	0.29950738883023387	0.02016114215609676
0.3832298095670154	cosine	24.0	0.0	2.0	0.14762660488868534	0.15609104027542364
0.27074441762592294	cosine	24.0	16.0	14.0	0.16238926537755388	0.1331294177656946
-0.01033300071937571	cosine	24.0	22.0	0.0	0.2124670414275315	0.07289658589843155
1.3651406806955786	cosine	24.0	14.0	12.0	0.22143990733302804	0.06476208627439409
0.6915516690548479	cosine	24.0	0.0	4.0	0.31311851887262904	0.016031910355278088
-0.9835016358496989	cosine	24.0	10.0	12.0	0.19191458635529096	0.09444831922890234
-1.2807964763333195	cosine	24.0	14.0	18.0	0.20997359500870416	0.07529048637923798
-0.7113244475807965	cosine	24.0	16.0	18.0	0.21815970297510862	0.06764995867882109
-0.9442871144264385	cosine	24.0	12.0	10.0	0.3173972005106735	0.014893695995628085
0.1396140503554426	cosine	24.0	4.0	10.0	0.2206120916977232	0.06548169886148832
0.42138475207341813	cosine	24.0	4.0	22.0	0.30657751029873637	0.017915757292876724
0.7226885189102803	cosine	24.0	2.0	20.0	0.36930244871323964	0.005731632693820295
0.4519738392614822	cosine	24.0	16.0	18.0	0.08504530793944913	0.28020876080114454
0.3340189551528275	cosine	24.0	0.0	2.0	0.3838291727105819	0.00429821088254844
-0.4638205923620188	cosine	24.0	4.0	10.0	0.5074078109047634	0.00025664674377543785
0.8997223467217927	cosine	24.0	18.0	16.0	0.23295019131240413	0.055380662873957556
-1.6150524333058196	cosine	24.0	2.0	22.0	0.2899321728178315	0.023578911023083498
0.18705256092748676	cosine	24.0	20.0	18.0	0.3660645863480636	0.006103836469221554
0.3549666200168179	cosine	24.0	0.0	20.0	0.3516695858110866	0.008030305253720312
0.9456859966429352	cosine	24.0	6.0	10.0	0.3941609590514271	0.003483349956988493
0.9831751907127165	cosine	24.0	12.0	14.0	0.23620256782189655	0.052934139906380795
-1.4804128008088084	cosine	24.0	18.0	16.0	0.13681201711998336	0.1744777691802858
1.7502525535703568	cosine	24.0	22.0	18.0	0.2173410895704131	0.0683859475317161
-0.06156081040565195	cosine	24.0	6.0	4.0	0.19929591659972523	0.08622355226943118
-0.443058387487292	cosine	24.0	22.0	14.0	0.4807736030270371	0.0004984798211842407
0.5671479080670055	cosine	24.0	14.0	12.0	0.23620256782189655	0.052934139906380795
-0.23975643356178877	cosine	24.0	16.0	20.0	0.3015031919868884	0.01950433652444874
0.5932748108836888	cosine	24.0	22.0	0.0	0.38097538462867714	0.004551476929324292
-0.2442051454812526	cosine	24.0	10.0	6.0	0.3720584753663004	0.005430836150817805
-0.8257496468564454	cosine	24.0	22.0	20.0	0.23620256782189655	0.052934139906380795
0.2303312985518266	cosine	24.0	10.0	8.0	0.3469225214884106	0.008773600268086433
0.5784356902244912	cosine	24.0	2.0	4.0	0.3660645863480636	0.006103836469221554
-1.4891087332903852	cosine	24.0	12.0	16.0	0.36469098080459145	0.006268102368788777
-1.0757072870953648	cosine	24.0	10.0	12.0	0.2878718795329364	0.024374796195956446
-1.2299442278046626	cosine	24.0	0.0	2.0	0.2731092190440679	0.030762062328506853
-0.6776332958770764	cosine	24.0	22.0	0.0	0.2857315384715079	0.025225367793130095
1.415585081265537	cosine	24.0	4.0	2.0	0.33648360967347263	0.010623344634627566
-0.14987588390913895	cosine	24.0	14.0	18.0	0.3720584753663004	0.005430836150817805
-0.6786192689021316	cosine	24.0	12.0	10.0	0.2509652283107651	0.042888118888463896
-0.3309295179671733	cosine	24.0	20.0	22.0	0.2509652283107651	0.042888118888463896
-0.7576223563083746	cosine	24.0	16.0	14.0	0.3395411912439763	0.010049245916082774
0.7591413117496646	cosine	24.0	0.0	20.0	0.27840508876711023	0.028327345676766758
-0.30663265010465124	cosine	24.0	2.0	0.0	0.21405857708859377	0.07139933215686703
0.8544268380660809	cosine	24.0	2.0	0.0	0.22143990733302804	0.06476208627439409
0.705225570744944	cosine	24.0	16.0	12.0	0.3352210025577558	0.010868624632020605
1.1328067521062932	cosine	24.0	4.0	6.0	0.19929591659972523	0.08622355226943118
0.32285340908092447	cosine	24.0	20.0	16.0	0.3971017650559018	0.0032782919758639786
1.7771943320979635	cosine	24.0	20.0	18.0	0.5435504463956096	9.91570138994628e-05
1.3607210829286214	cosine	24.0	14.0	16.0	0.1845332561108567	0.10323755908592297
-1.9057969876944814	cosine	24.0	6.0	4.0	0.413354493688319	0.00232862927072122
-2.582397146557575	cosine	24.0	4.0	6.0	0.3616851819772791	0.0066412775630506635
-0.6231334930338034	cosine	24.0	2.0	6.0	0.20997359500870416	0.07529048637923798
1.0117819478666046	cosine	24.0	14.0	16.0	0.26572788879963366	0.03444220575113408
0.35695296551696937	cosine	24.0	20.0	18.0	0.15160250545727888	0.14966458474778954
0.08307820461431453	cosine	24.0	12.0	8.0	0.19929591659972523	0.08622355226943118
-0.7033571314248426	cosine	24.0	16.0	18.0	0.28471690049293835	0.0256371939762934
-1.078975603606894	cosine	24.0	6.0	4.0	0.22882123757746228	0.05861420943696903
0.5536325209056584	cosine	24.0	0.0	2.0	0.2952532097773707	0.02162395005989455
-0.2752977870922925	cosine	24.0	14.0	0.0	0.3077108875847008	0.01757642110804049
0.7281602576418398	cosine	24.0	12.0	16.0	0.31311851887262904	0.016031910355278088
1.1552377876536912	cosine	24.0	22.0	16.0	0.22711994083632678	0.059988929747551704
-0.10584845827009384	cosine	24.0	8.0	14.0	0.3382718739365089	0.010284203985431312
1.1252407025343905	cosine	24.0	4.0	6.0	0.22882123757746228	0.05861420943696903
0.3387276810212787	cosine	24.0	12.0	10.0	0.26572788879963366	0.03444220575113408
1.4529123361663145	cosine	24.0	22.0	20.0	0.3395411912439763	0.010049245916082774
-0.34454944544332766	cosine	24.0	14.0	12.0	0.19191458635529096	0.09444831922890234
-0.9400251248995241	cosine	24.0	14.0	12.0	0.26572788879963366	0.03444220575113408
-0.4101465700393045	cosine	24.0	14.0	18.0	0.3057510243109201	0.018166718113862217
0.048240649395728905	cosine	24.0	0.0	2.0	0.32477853075510776	0.013093115992743426
-0.5072655347386575	cosine	24.0	6.0	0.0	0.5147615472946875	0.00021248975177907416
-0.6060238146236154	cosine	24.0	10.0	12.0	0.2878718795329364	0.024374796195956446
0.5562886918182991	cosine	24.0	2.0	4.0	0.17378823796322213	0.11707097859576515
-0.5649686991142956	cosine	24.0	16.0	18.0	0.2699264121556429	0.03230693818080994
1.1028103315013458	cosine	24.0	4.0	6.0	0.2066772468441595	0.07854663026645384
-0.7809206666777111	cosine	24.0	18.0	12.0	0.45593165617529463	0.0009002267306869742
0.22862539452563757	cosine	24.0	8.0	6.0	0.26572788879963366	0.03444220575113408
-1.0255117965407963	cosine	24.0	2.0	18.0	0.3516695858110866	0.008030305253720312
0.7559185471672519	cosine	24.0	0.0	22.0	0.35899603551548426	0.0069916470137857895
-0.07416559106938349	cosine	24.0	12.0	14.0	0.24358389806633082	0.04769966180633572
0.8071561636659995	cosine	24.0	6.0	4.0	0.19191458635529096	0.09444831922890234
0.6012893087898465	cosine	24.0	14.0	0.0	0.27840508876711023	0.028327345676766758
-0.1997674056689046	cosine	24.0	0.0	4.0	0.24681106781724876	0.04554533424377086
-0.20819622928952117	cosine	24.0	6.0	22.0	0.3985541278192388	0.003181081626915231
-0.6693431396588625	cosine	24.0	16.0	18.0	0.33648360967347263	0.010623344634627566
0.267847707485691	cosine	24.0	16.0	12.0	0.15840113307674175	0.139090076569109
0.11493174238681889	cosine	24.0	18.0	20.0	0.2625311679869951	0.03614461188618968
-0.40131739932882154	cosine	24.0	14.0	18.0	0.2983835297492112	0.020539183818460795
0.7124987052718059	cosine	24.0	0.0	22.0	0.23444639054072441	0.05424431461757581
0.6772266947288742	cosine	24.0	2.0	4.0	0.20336921463781313	0.08192052243423542
-0.9596745600833945	cosine	24.0	12.0	10.0	0.22143990733302804	0.06476208627439409
-0.06367870965461674	cosine	24.0	6.0	4.0	0.22882123757746228	0.05861420943696903
-1.1302107565166926	cosine	24.0	18.0	20.0	0.20336921463781313	0.08192052243423542
0.07984532419341524	cosine	24.0	20.0	22.0	0.2066772468441595	0.07854663026645384
-0.07260959605735201	cosine	24.0	0.0	2.0	0.30263454002180495	0.019140153805216078
-0.7833779265933319	cosine	24.0	10.0	12.0	0.2583465585551994	0.03847661585264555
0.25006912284478366	cosine	24.0	6.0	4.0	0.17715192586642242	0.11260606365924808
-0.3338095085218312	cosine	24.0	22.0	4.0	0.33577536842242556	0.010760330424599592
-0.2315268572445786	cosine	24.0	10.0	8.0	0.3395411912439763	0.010049245916082774
-0.485098781424468	cosine	24.0	22.0	20.0	0.14762660488868534	0.15609104027542364
-0.5562634170206601	cosine	24.0	12.0	14.0	0.3100158702662392	0.016903200710028324
-0.1269549717584115	cosine	24.0	16.0	20.0	0.3529793467163571	0.007835221812399042
0.4047209875023463	cosine	24.0	20.0	18.0	0.24774067964969962	0.04493949144849353
1.0377236230487337	cosine	24.0	20.0	0.0	0.3370166864022913	0.010521242945149252
-0.7926761816060441	cosine	24.0	16.0	2.0	0.319292392850017	0.014412173665151762
-0.37094113396261813	cosine	24.0	16.0	18.0	0.12941677295133563	0.18781168020979827
0.852891348758359	cosine	24.0	6.0	8.0	0.35430385173284484	0.007642194440630212
0.27841365920801475	cosine	24.0	12.0	10.0	0.28049054928850214	0.02741363646522646
-0.15338772069567513	cosine	24.0	18.0	16.0	0.3069026329988816	0.017817847893956983
0.0576496080885879	cosine	24.0	12.0	4.0	0.31079909050124127	0.016679520254869944
-1.526541865037745	cosine	24.0	10.0	4.0	0.20590461891787498	0.07932505515945215
-1.2048306872050396	cosine	24.0	22.0	16.0	0.41760763315066535	0.0021252413268578177
-0.004136752090716959	cosine	24.0	2.0	6.0	0.32785350799604684	0.012400444227444124
-0.4879358672294263	cosine	24.0	0.0	2.0	0.37644784246614765	0.004980681982243198
0.17331085053300255	cosine	24.0	0.0	14.0	0.2124670414275315	0.07289658589843155
0.3318085458207729	cosine	24.0	2.0	8.0	0.3720584753663004	0.005430836150817805
0.5368039185450115	cosine	24.0	0.0	22.0	0.24177284024512205	0.04894394450731348
0.09349624206167323	cosine	24.0	20.0	22.0	0.23620256782189655	0.052934139906380795
0.07386614419742193	cosine	24.0	12.0	10.0	0.3690665122217134	0.00575805764378841
-3.299211738857296	cosine	24.0	6.0	10.0	0.3573234862428825	0.0072177043070196685
1.2559803766290727	cosine	24.0	22.0	0.0	0.27107863906271257	0.03174043341798899
-0.09752650170292002	cosine	24.0	22.0	20.0	0.19191458635529096	0.09444831922890234
-0.8441620305892499	cosine	24.0	0.0	2.0	0.19191458635529096	0.09444831922890234
-1.4378182465637095	cosine	24.0	12.0	16.0	0.2173410895704131	0.0683859475317161
0.42927511775261484	cosine	24.0	22.0	20.0	0.22882123757746228	0.05861420943696903
1.8752332094167246	cosine	24.0	4.0	2.0	0.21076445880646086	0.0745247925817003
1.7152513919641088	cosine	24.0	12.0	14.0	0.22143990733302804	0.06476208627439409
-1.772596027573463	cosine	24.0	4.0	2.0	0.29211214466158614	0.02276070879876716
-0.7849759964144223	cosine	24.0	20.0	14.0	0.48811365803508344	0.0004164348470729981
0.07335852469490953	cosine	24.0	10.0	8.0	0.1845332561108567	0.10323755908592297
0.005840102328638573	cosine	24.0	12.0	14.0	0.3100158702662392	0.016903200710028324
-0.5635245720152657	cosine	24.0	0.0	2.0	0.19191458635529096	0.09444831922890234
-0.3856726393248797	cosine	24.0	18.0	22.0	0.2173410895704131	0.0683859475317161
-0.5724794771554819	cosine	24.0	14.0	16.0	0.16238926537755388	0.1331294177656946
-0.17323177494011	cosine	24.0	22.0	0.0	0.2564257396539173	0.03958738267049287
0.2369626774197871	cosine	24.0	18.0	16.0	0.19597397046916537	0.08985625322931617
0.9349672084204442	cosine	24.0	22.0	0.0	0.3956282840374724	0.003379637955668793
-1.2001436530844358	cosine	24.0	18.0	16.0	0.29950738883023387	0.02016114215609676
1.091425095104706	cosine	24.0	16.0	18.0	0.17378823796322213	0.11707097859576515
0.1346818272395449	cosine	24.0	0.0	10.0	0.16515123768104328	0.12910587848568428
-0.3532021050542301	cosine	24.0	4.0	2.0	0.29211214466158614	0.02276070879876716
0.5930173906318271	cosine	24.0	4.0	2.0	0.13681201711998336	0.1744777691802858
-0.5061616860264676	cosine	24.0	6.0	8.0	0.24358389806633082	0.04769966180633572
0.7315477519365243	cosine	24.0	14.0	16.0	0.28049054928850214	0.02741363646522646
-0.4207097383288401	cosine	24.0	6.0	10.0	0.15103363851503282	0.15057309273890357
-0.6260683851494357	cosine	24.0	18.0	20.0	0.24774067964969962	0.04493949144849353
1.6443606452096602	cosine	24.0	16.0	2.0	0.43673327297875886	0.0013954236360342212
-1.3962036907271926	cosine	24.0	0.0	16.0	0.14991485541824578	0.15237053823758728
-0.02219599428849729	cosine	24.0	8.0	10.0	0.4502611449104903	0.0010263673653035312
0.966599137536998	cosine	24.0	10.0	12.0	0.16977059562198815	0.12256654833167985
-1.4575369681701478	cosine	24.0	16.0	18.0	0.17378823796322213	0.11707097859576515
1.3987137598895352	cosine	24.0	22.0	0.0	0.344343136106689	0.009202243653261678
2.5491824774882117	cosine	24.0	18.0	2.0	0.37364893492427953	0.005263710294693397
0.6573590796948245	cosine	24.0	4.0	16.0	0.19379237407724456	0.09230305894119695
-2.5750090550009364	cosine	24.0	22.0	6.0	0.2669215718422425	0.03382364878829115
-2.4911068213705763	cosine	24.0	16.0	14.0	0.32477853075510776	0.013093115992743426
0.8111602747185014	cosine	24.0	4.0	8.0	0.29101603518750224	0.023169067299739072
-0.7727970585198335	cosine	24.0	0.0	4.0	0.14366614395332392	0.16267072585061332
0.525002269876791	cosine	24.0	18.0	12.0	0.3382718739365089	0.010284203985431312
0.23832816331997256	cosine	24.0	20.0	22.0	0.28049054928850214	0.02741363646522646
-0.7658138233269138	cosine	24.0	22.0	18.0	0.1731361222001596	0.11795090932869162
-0.6088721345550029	cosine	24.0	16.0	18.0	0.1885787263005176	0.09834961988888624
2.4048949760802563	cosine	24.0	20.0	18.0	0.3069026329988816	0.017817847893956983
0.5317173180008542	cosine	24.0	0.0	22.0	0.21979349113192914	0.06619938366322035
-1.1720858894026562	cosine	24.0	18.0	20.0	0.24774067964969962	0.04493949144849353
0.7838179435546726	cosine	24.0	0.0	2.0	0.1845332561108567	0.10323755908592297
0.837136775165486	cosine	24.0	4.0	8.0	0.15840113307674175	0.139090076569109
-1.3803654381002477	cosine	24.0	14.0	12.0	0.2952532097773707	0.02162395005989455
-0.6259289399066511	cosine	24.0	20.0	22.0	0.23620256782189655	0.052934139906380795
0.3387061229489274	cosine	24.0	18.0	16.0	0.23295019131240413	0.055380662873957556
0.08156191007845735	cosine	24.0	12.0	20.0	0.31503733728909844	0.015512560718579184
-1.2512446976103786	cosine	24.0	8.0	4.0	0.29101603518750224	0.023169067299739072
-1.9203742707890057	cosine	24.0	18.0	6.0	0.36930244871323964	0.005731632693820295
0.18200436891215258	cosine	24.0	10.0	12.0	0.2878718795329364	0.024374796195956446
0.9966356591335579	cosine	24.0	14.0	12.0	0.2066772468441595	0.07854663026645384
-0.2661161956415767	cosine	24.0	10.0	8.0	0.16977059562198815	0.12256654833167985
2.0834624421265677	cosine	24.0	10.0	14.0	0.27628104606408443	0.02928387041000692
-1.3722075238143698	cosine	24.0	2.0	4.0	0.3660645863480636	0.006103836469221554
0.06475739743878976	cosine	24.0	20.0	18.0	0.19597397046916537	0.08985625322931617
-0.2792771066128008	cosine	24.0	2.0	0.0	0.2509652283107651	0.042888118888463896
-0.4507416986724522	cosine	24.0	12.0	14.0	0.21405857708859377	0.07139933215686703
-0.6193554832720258	cosine	24.0	0.0	22.0	0.21979349113192914	0.06619938366322035
0.062112192874723346	cosine	24.0	22.0	20.0	0.2583465585551994	0.03847661585264555
0.9145357186967641	cosine	24.0	10.0	12.0	0.4207358239327533	0.0019860827842088013
0.2723472826787246	cosine	24.0	2.0	0.0	0.22882123757746228	0.05861420943696903
-0.14523979605220094	cosine	24.0	8.0	20.0	0.427805806925238	0.0017015580720576638
-0.401133249589958	cosine	24.0	12.0	14.0	0.413354493688319	0.00232862927072122
-0.8270716858578993	cosine	24.0	18.0	20.0	0.17378823796322213	0.11707097859576515
-0.677072820770721	cosine	24.0	2.0	6.0	0.4088959481748449	0.002560614606221767
0.8178405191882352	cosine	24.0	6.0	10.0	0.3499559916811736	0.008291978169918663
-0.8287048437270275	cosine	24.0	22.0	0.0	0.2490992899495197	0.04406574993045694
1.078690118784511	cosine	24.0	2.0	0.0	0.4207358239327533	0.0019860827842088013
0.43392720607705565	cosine	24.0	6.0	10.0	0.15840113307674175	0.139090076569109
0.6927766281398302	cosine	24.0	16.0	14.0	0.28049054928850214	0.02741363646522646
-0.15244174378014524	cosine	24.0	4.0	8.0	0.19523860588528633	0.09067556890797257
-0.6146425752229508	cosine	24.0	12.0	14.0	0.22882123757746228	0.05861420943696903
-0.3902393012219215	cosine	24.0	20.0	22.0	0.2878718795329364	0.024374796195956446
-0.9537663973549168	cosine	24.0	18.0	20.0	0.40304080719130236	0.0028969453261565256
1.7149963711860146	cosine	24.0	16.0	0.0	0.2815474113952421	0.026960055111695882
0.376257112567831	cosine	24.0	8.0	10.0	0.19191458635529096	0.09444831922890234
0.33888651417441623	cosine	24.0	2.0	4.0	0.19597397046916537	0.08985625322931617
-1.0428319272010553	cosine	24.0	10.0	8.0	0.22143990733302804	0.06476208627439409
-1.247136045064624	cosine	24.0	16.0	14.0	0.1845332561108567	0.10323755908592297
0.011814207679846806	cosine	24.0	0.0	20.0	0.4981985798990394	0.00032401144828364667
0.926087496936025	cosine	24.0	22.0	0.0	0.2490992899495197	0.04406574993045694
1.240671628714465	cosine	24.0	2.0	12.0	0.44407332798680527	0.0011823697179425112
-1.9434079611611874	cosine	24.0	8.0	10.0	0.26572788879963366	0.03444220575113408
0.5186577068898216	cosine	24.0	22.0	2.0	0.32663244785806334	0.012671607032707451
2.175600483755667	cosine	24.0	22.0	0.0	0.16118189349674802	0.13491510064665357
0.5572599406377504	cosine	24.0	16.0	6.0	0.3296902366978937	0.01200202793833976
0.3706596941520842	cosine	24.0	2.0	20.0	0.36198952893673986	0.006602618688996535
-0.02924456839479688	cosine	24.0	0.0	2.0	0.3469225214884106	0.008773600268086433
0.05098418751202898	cosine	24.0	12.0	18.0	0.26473451003726783	0.034964025382031784
-1.666378576714709	cosine	24.0	0.0	22.0	0.4029547337418701	0.0029021736212107687
0.615215413177639	cosine	24.0	18.0	22.0	0.20260610044699526	0.0827141103030547
-0.06345345493165454	cosine	24.0	20.0	18.0	0.29211214466158614	0.02276070879876716
1.5317143389041992	cosine	24.0	6.0	8.0	0.3395411912439763	0.010049245916082774
0.1290926269060262	cosine	24.0	6.0	8.0	0.23620256782189655	0.052934139906380795
1.1569440162871314	cosine	24.0	14.0	16.0	0.30263454002180495	0.019140153805216078
0.28445514852932574	cosine	24.0	4.0	2.0	0.33648360967347263	0.010623344634627566
-0.1696881079929452	cosine	24.0	8.0	6.0	0.2952532097773707	0.02162395005989455
0.57299436856256	cosine	24.0	0.0	2.0	0.30263454002180495	0.019140153805216078
-0.027281514858666773	cosine	24.0	10.0	12.0	0.30263454002180495	0.019140153805216078
0.6226781973438977	cosine	24.0	0.0	6.0	0.23531956447757144	0.053589721789768105
-0.9592550525744572	cosine	24.0	16.0	12.0	0.37942596992800925	0.004694491835707916
-0.46340366973878644	cosine	24.0	14.0	22.0	0.23855178776150696	0.051220920739073736
-0.097231831489487	cosine	24.0	6.0	8.0	0.21405857708859377	0.07139933215686703
1.9752019234181128	cosine	24.0	20.0	14.0	0.29727222782587787	0.020918889760707993
-1.1526889291727809	cosine	24.0	10.0	4.0	0.33091813754658483	0.011741909652740369
0.14462821560684647	cosine	24.0	8.0	10.0	0.2952532097773707	0.02162395005989455
-0.06470848256285776	cosine	24.0	8.0	6.0	0.22882123757746228	0.05861420943696903
0.2215474356915902	cosine	24.0	16.0	14.0	0.39859183319945046	0.003178592823322213
-0.24358731047348614	cosine	24.0	20.0	18.0	0.4178312955285979	0.0021150055896341437
0.1742176743873066	cosine	24.0	14.0	12.0	0.2583465585551994	0.03847661585264555
-1.26967443865363	cosine	24.0	8.0	0.0	0.3516695858110866	0.008030305253720312
-0.14958772207668153	cosine	24.0	18.0	20.0	0.17378823796322213	0.11707097859576515
0.1166078185574443	cosine	24.0	14.0	18.0	0.31311851887262904	0.016031910355278088
-0.6510103981140757	cosine	24.0	12.0	10.0	0.22882123757746228	0.05861420943696903
-0.46251967404166794	cosine	24.0	8.0	20.0	0.34736368938374024	0.008702066626578324
-1.1998342130377304	cosine	24.0	4.0	6.0	0.2509652283107651	0.042888118888463896
1.3756717214354663	cosine	24.0	8.0	10.0	0.3690665122217134	0.00575805764378841
0.893069831548575	cosine	24.0	8.0	2.0	0.26154605694066657	0.03668290960514206
0.7916221019937154	cosine	24.0	6.0	0.0	0.2794419828171161	0.027869928627522758
-0.40734461356866936	cosine	24.0	16.0	14.0	0.22882123757746228	0.05861420943696903
-1.3145471535140014	cosine	24.0	14.0	16.0	0.26572788879963366	0.03444220575113408
-0.5777991737393253	cosine	24.0	10.0	16.0	0.3015031919868884	0.01950433652444874
-0.9810107485451024	cosine	24.0	14.0	20.0	0.3780128329143879	0.004828409167272734
1.1297602944180014	cosine	24.0	0.0	22.0	0.1538554437923504	0.1461025192525654
-0.5954619940224047	cosine	24.0	6.0	8.0	0.21405857708859377	0.07139933215686703
0.41999817963541464	cosine	24.0	16.0	14.0	0.19191458635529096	0.09444831922890234
-0.21450800125238045	cosine	24.0	0.0	2.0	0.19191458635529096	0.09444831922890234
0.22487749643380178	cosine	24.0	18.0	16.0	0.3142978771675294	0.015710968084713377
-0.8322059597526344	cosine	24.0	16.0	18.0	0.17378823796322213	0.11707097859576515
-0.47928354311597543	cosine	24.0	8.0	10.0	0.2952532097773707	0.02162395005989455
-1.1307236999501922	cosine	24.0	10.0	12.0	0.2509652283107651	0.042888118888463896
-0.025792440322393563	cosine	24.0	16.0	18.0	0.24034543548105186	0.04994280222373064
-0.36327401821502336	cosine	24.0	20.0	0.0	0.2564257396539173	0.03958738267049287
0.7983597926911659	cosine	24.0	20.0	22.0	0.2952532097773707	0.02162395005989455
0.4324112656010093	cosine	24.0	0.0	10.0	0.4147131079546198	0.0022618207224501226
-0.5309137775075113	cosine	24.0	0.0	2.0	0.37644784246614765	0.004980681982243198
-0.7831825408585282	cosine	24.0	14.0	22.0	0.31195233784197063	0.01635477579570562
0.9436611033712015	cosine	24.0	14.0	16.0	0.16238926537755388	0.1331294177656946
0.7143918857614906	cosine	24.0	22.0	0.0	0.31503733728909844	0.015512560718579184
0.23267096041994073	cosine	24.0	8.0	10.0	0.22143990733302804	0.06476208627439409
-0.6911003082864854	cosine	24.0	8.0	6.0	0.3395411912439763	0.010049245916082774
-0.5186495800268907	cosine	24.0	14.0	16.0	0.22882123757746228	0.05861420943696903
-0.3504924077910968	cosine	24.0	20.0	22.0	0.19929591659972523	0.08622355226943118
0.464398970579041	cosine	24.0	2.0	0.0	0.30263454002180495	0.019140153805216078
-0.3049996458094908	cosine	24.0	6.0	14.0	0.34736368938374024	0.008702066626578324
2.1628037422468536	cosine	24.0	4.0	2.0	0.24774067964969962	0.04493949144849353
-0.05149513386089624	cosine	24.0	14.0	12.0	0.16238926537755388	0.1331294177656946
-1.7301748133944448	cosine	24.0	2.0	4.0	0.21815970297510862	0.06764995867882109
-0.45401151080473556	cosine	24.0	22.0	0.0	0.30038443788030317	0.01987023624788583
0.7337232025704793	cosine	24.0	22.0	0.0	0.18316124260994093	0.1049347021149013
-0.2470852384387965	cosine	24.0	16.0	10.0	0.36033308310628126	0.006815453874930347
1.4605091190582618	cosine	24.0	22.0	20.0	0.22143990733302804	0.06476208627439409
-0.038901775241248944	cosine	24.0	6.0	8.0	0.23620256782189655	0.052934139906380795
-0.26044293150176656	cosine	24.0	0.0	2.0	0.2878718795329364	0.024374796195956446
-0.3207173924164827	cosine	24.0	4.0	8.0	0.43836592642168065	0.0013452089331977713
-0.33074976714375814	cosine	24.0	6.0	2.0	0.3352210025577558	0.010868624632020605
0.6952695800280274	cosine	24.0	0.0	10.0	0.2679120077936924	0.03331737652423981
0.6566059175612569	cosine	24.0	6.0	20.0	0.2857315384715079	0.025225367793130095
0.5171085441564741	cosine	24.0	2.0	22.0	0.34865261288220245	0.00849599441162096
-0.4160266085995672	cosine	24.0	6.0	8.0	0.3469225214884106	0.008773600268086433
1.0318912592230534	cosine	24.0	20.0	14.0	0.3046122828339243	0.01851739807192879
0.7225187800033188	cosine	24.0	10.0	4.0	0.24267330086749553	0.0483220815907642
-0.09853815780966646	cosine	24.0	4.0	12.0	0.25960865206574274	0.037760701669805136
-1.7928613185910274	cosine	24.0	20.0	22.0	0.3469225214884106	0.008773600268086433
0.5911701278756879	cosine	24.0	14.0	4.0	0.3516695858110866	0.008030305253720312
1.8415251551663114	cosine	24.0	12.0	20.0	0.19048769231433857	0.09610287952344321
-0.9957456911926887	cosine	24.0	6.0	4.0	0.21405857708859377	0.07139933215686703
1.046106618426576	cosine	24.0	22.0	20.0	0.28049054928850214	0.02741363646522646
-0.03493938521579138	cosine	24.0	6.0	0.0	0.25738077364734374	0.03903189065418176
1.3878546654072244	cosine	24.0	12.0	10.0	0.3469225214884106	0.008773600268086433
0.26892737999648136	cosine	24.0	22.0	2.0	0.17983134769713602	0.1091374763504191
1.7371859899277577	cosine	24.0	20.0	22.0	0.11071995366651402	0.22422834429010646
1.1647414662360644	cosine	24.0	20.0	16.0	0.3015031919868884	0.01950433652444874
0.281803414166474	cosine	24.0	4.0	6.0	0.33215986099954203	0.011483852877009561
0.7714376594801717	cosine	24.0	18.0	20.0	0.46220276054048437	0.0007774237502962231
-0.06381774552255139	cosine	24.0	2.0	4.0	0.2551359238183474	0.04034778682105685
-0.593314048134727	cosine	24.0	2.0	4.0	0.33648360967347263	0.010623344634627566
0.9621708961719988	cosine	24.0	10.0	8.0	0.14024527464425107	0.16849709470074392
-0.5310465798322352	cosine	24.0	22.0	20.0	0.3912105029550162	0.003700585778126575
0.053773801891957844	cosine	24.0	8.0	10.0	0.40597316344388473	0.002723822944538488
0.6574993190038934	cosine	24.0	8.0	12.0	0.1845332561108567	0.10323755908592297
-0.38554511914246675	cosine	24.0	14.0	10.0	0.23944357325553983	0.05058223589567321
1.954977855939078	cosine	24.0	0.0	4.0	0.4088959481748449	0.002560614606221767
-0.7059544067167335	cosine	24.0	22.0	20.0	0.39859183319945046	0.003178592823322213
-0.8220813880649335	cosine	24.0	6.0	2.0	0.4088959481748449	0.002560614606221767
-0.8088094927965557	cosine	24.0	18.0	16.0	0.21076445880646086	0.0745247925817003
0.6023846001208826	cosine	24.0	14.0	12.0	0.32477853075510776	0.013093115992743426
1.3459771256060624	cosine	24.0	12.0	10.0	0.5166931171103988	0.00020212863780047692
-0.5004950055977675	cosine	24.0	22.0	20.0	0.2509652283107651	0.042888118888463896
-1.1210192872902323	cosine	24.0	2.0	0.0	0.4724051356437931	0.0006101492706621064
-0.2746115475128577	cosine	24.0	18.0	20.0	0.3290883655048249	0.012131343131205926
-0.4337366116598692	cosine	24.0	4.0	10.0	0.17648967335817856	0.11347537277868341
1.6234227042337435	cosine	24.0	2.0	4.0	0.3216931213361771	0.01382149916799702
0.6531443801704444	cosine	24.0	8.0	6.0	0.3469225214884106	0.008773600268086433
0.7509410484287519	cosine	24.0	2.0	0.0	0.32477853075510776	0.013093115992743426
-0.9077645376958665	cosine	24.0	6.0	10.0	0.31311851887262904	0.016031910355278088
1.6896599231445748	cosine	24.0	20.0	6.0	0.31503733728909844	0.015512560718579184
0.36247765605457527	cosine	24.0	10.0	6.0	0.40152845361313605	0.0029900564410862453
-0.9199729777319715	cosine	24.0	16.0	20.0	0.16178220057833034	0.13402521306684823
-0.8301050595043258	cosine	24.0	8.0	6.0	0.1550079351331196	0.14430254111594104
0.2195297663358345	cosine	24.0	6.0	18.0	0.36198952893673986	0.006602618688996535
1.1128008692510185	cosine	24.0	8.0	22.0	0.3883018343330748	0.003926562060915238
-0.7731647412540703	cosine	24.0	18.0	16.0	0.23295019131240413	0.055380662873957556
-1.124853782139907	cosine	24.0	10.0	2.0	0.27107863906271257	0.03174043341798899
0.2674410910078268	cosine	24.0	22.0	18.0	0.16576862763845066	0.12821813932553655
-0.08645686253078623	cosine	24.0	14.0	16.0	0.2878718795329364	0.024374796195956446
-1.948293859932517	cosine	24.0	22.0	0.0	0.2564257396539173	0.03958738267049287
-0.44579095501921906	cosine	24.0	6.0	2.0	0.43836592642168065	0.0013452089331977713
-0.8332826859512946	cosine	24.0	0.0	18.0	0.2554812585822803	0.04014304304154523
-0.047818915904759576	cosine	24.0	22.0	2.0	0.42205316296266615	0.0019299973647081317
2.428983088258036	cosine	24.0	10.0	2.0	0.2564257396539173	0.03958738267049287
-0.4027782371764583	cosine	24.0	8.0	18.0	0.2124670414275315	0.07289658589843155
1.0547197782407576	cosine	24.0	20.0	18.0	0.34387885384212036	0.009281315096840078
0.3980776688617411	cosine	24.0	22.0	20.0	0.22882123757746228	0.05861420943696903
-2.7026634879024365	cosine	24.0	12.0	2.0	0.2752520628017388	0.029756812538456148
0.1265953403997735	cosine	24.0	6.0	4.0	0.2878718795329364	0.024374796195956446
2.206588714419897	cosine	24.0	16.0	18.0	0.28471690049293835	0.0256371939762934
-0.6588632403541846	cosine	24.0	12.0	10.0	0.33215986099954203	0.011483852877009561
1.5385924055631883	cosine	24.0	16.0	14.0	0.2731092190440679	0.030762062328506853
0.8797523441313122	cosine	24.0	2.0	0.0	0.21405857708859377	0.07139933215686703
-1.7046091091507387	cosine	24.0	18.0	16.0	0.40304080719130236	0.0028969453261565256
0.17525217424685235	cosine	24.0	8.0	6.0	0.28049054928850214	0.02741363646522646
0.13567802986276561	cosine	24.0	18.0	16.0	0.5139694697210186	0.00021688021381524654
0.7158819453107262	cosine	24.0	10.0	8.0	0.28049054928850214	0.02741363646522646
1.0479197648189214	cosine	24.0	8.0	10.0	0.2509652283107651	0.042888118888463896
-0.21425114603216194	cosine	24.0	6.0	8.0	0.1550079351331196	0.14430254111594104
-0.19260630884669222	cosine	24.0	0.0	22.0	0.35899603551548426	0.0069916470137857895
0.6199111993301853	cosine	24.0	6.0	8.0	0.24358389806633082	0.04769966180633572
-0.2984708334856091	cosine	24.0	12.0	10.0	0.22882123757746228	0.05861420943696903
-0.16994254384633095	cosine	24.0	14.0	18.0	0.18787111132357742	0.09919213877373323
-0.40124547999058874	cosine	24.0	10.0	14.0	0.2983835297492112	0.020539183818460795
0.41089988043119297	cosine	24.0	0.0	18.0	0.45256680091718227	0.0009732400058860065
-1.3999010204928921	cosine	24.0	4.0	6.0	0.1845332561108567	0.10323755908592297
-0.22368333952986677	cosine	24.0	14.0	12.0	0.32477853075510776	0.013093115992743426
0.6433599638281257	cosine	24.0	2.0	0.0	0.19929591659972523	0.08622355226943118
0.2643083173077107	cosine	24.0	22.0	18.0	0.2541785623789577	0.040919829260890266
-1.1321775639183282	cosine	24.0	10.0	8.0	0.3395411912439763	0.010049245916082774
1.6578718077638945	cosine	24.0	18.0	16.0	0.2551359238183474	0.04034778682105685
0.7385062051847903	cosine	24.0	12.0	16.0	0.20997359500870416	0.07529048637923798
1.4044575965359025	cosine	24.0	8.0	10.0	0.1845332561108567	0.10323755908592297
0.007772578618731589	cosine	24.0	20.0	4.0	0.3034861707247415	0.018869840911642614
1.1252564141079924	cosine	24.0	14.0	10.0	0.12893115482990605	0.1887087499682683
0.6702770567820425	cosine	24.0	20.0	22.0	0.28049054928850214	0.02741363646522646
0.7759660462064296	cosine	24.0	16.0	18.0	0.2699264121556429	0.03230693818080994
1.0149836676206017	cosine	24.0	18.0	20.0	0.3069026329988816	0.017817847893956983
1.2878789081890767	cosine	24.0	14.0	12.0	0.16977059562198815	0.12256654833167985
0.22687045620873617	cosine	24.0	12.0	10.0	0.22143990733302804	0.06476208627439409
-0.7850067048571324	cosine	24.0	2.0	6.0	0.3057510243109201	0.018166718113862217
-0.7475422794793568	cosine	24.0	20.0	22.0	0.14024527464425107	0.16849709470074392
0.06455196242574601	cosine	24.0	6.0	4.0	0.2952532097773707	0.02162395005989455
-0.0037299012735121833	cosine	24.0	16.0	14.0	0.16238926537755388	0.1331294177656946
-1.309575568343922	cosine	24.0	16.0	2.0	0.5101338230592225	0.0002393648930400435
-0.21164591572804448	cosine	24.0	14.0	8.0	0.4632853925652187	0.0007578549499656675
-0.40173954525698063	cosine	24.0	14.0	0.0	0.27107863906271257	0.03174043341798899
-1.835047822539603	cosine	24.0	18.0	8.0	0.37364893492427953	0.005263710294693397
-0.020280364591881306	cosine	24.0	2.0	12.0	0.18717140270518237	0.10003042182200605
2.453432895920107	cosine	24.0	8.0	10.0	0.22143990733302804	0.06476208627439409
0.07714253828839185	cosine	24.0	2.0	8.0	0.2689135515023755	0.032811789040382046
0.20383651987047194	cosine	24.0	10.0	12.0	0.3838291727105819	0.00429821088254844
-0.3313157445785159	cosine	24.0	18.0	16.0	0.28471690049293835	0.0256371939762934
-1.3425038556818536	cosine	24.0	18.0	16.0	0.2625311679869951	0.03614461188618968
1.3666291293570607	cosine	24.0	22.0	2.0	0.22387167774541422	0.06268366142713092
-1.7712497779097984	cosine	24.0	2.0	12.0	0.319292392850017	0.014412173665151762
0.6511279782900565	cosine	24.0	4.0	8.0	0.18787111132357742	0.09919213877373323
0.8996299777960948	cosine	24.0	4.0	2.0	0.29950738883023387	0.02016114215609676
-1.9361491467196215	cosine	24.0	12.0	14.0	0.24358389806633082	0.04769966180633572
-0.48610992944504205	cosine	24.0	8.0	6.0	0.3395411912439763	0.010049245916082774
-0.7381654719320284	cosine	24.0	20.0	22.0	0.3469225214884106	0.008773600268086433
-1.7692138792868537	cosine	24.0	4.0	0.0	0.24681106781724876	0.04554533424377086
1.0965694730041968	cosine	24.0	22.0	20.0	0.19929591659972523	0.08622355226943118
-1.1407149142934496	cosine	24.0	16.0	18.0	0.35127409801076814	0.008090044838256295
-0.5866111218502683	cosine	24.0	22.0	18.0	0.28364854062579337	0.02607689362942387
0.43830944662120375	cosine	24.0	18.0	12.0	0.26473451003726783	0.034964025382031784
-0.3643213135064436	cosine	24.0	18.0	20.0	0.2773216563242906	0.02881195020498228
-1.3589027272594811	cosine	24.0	12.0	0.0	0.2815474113952421	0.026960055111695882
1.58835378587484	cosine	24.0	4.0	20.0	0.2815474113952421	0.026960055111695882
0.732052241618516	cosine	24.0	16.0	14.0	0.3469225214884106	0.008773600268086433
0.4765708496323376	cosine	24.0	2.0	6.0	0.3425884971194647	0.009504204798824281
0.11876410425830321	cosine	24.0	12.0	8.0	0.42811715417718754	0.00168992695018417
0.45633774385508014	cosine	24.0	2.0	0.0	0.2731092190440679	0.030762062328506853
1.491879142665011	cosine	24.0	6.0	8.0	0.22143990733302804	0.06476208627439409
0.15994439856514528	cosine	24.0	2.0	4.0	0.24774067964969962	0.04493949144849353
-0.025836465760615095	cosine	24.0	14.0	8.0	0.2794419828171161	0.027869928627522758
0.521528521034326	cosine	24.0	10.0	12.0	0.3100158702662392	0.016903200710028324
-2.051559311942233	cosine	24.0	6.0	10.0	0.3057510243109201	0.018166718113862217
-0.452062733281002	cosine	24.0	18.0	20.0	0.17378823796322213	0.11707097859576515
-0.4549476809213815	cosine	24.0	22.0	0.0	0.24177284024512205	0.04894394450731348
-1.2453384872960267	cosine	24.0	2.0	0.0	0.3838291727105819	0.00429821088254844
-0.5442150894791383	cosine	24.0	16.0	14.0	0.19929591659972523	0.08622355226943118
-1.1072329940318946	cosine	24.0	16.0	18.0	0.1589977496259266	0.13818700065494172
-0.5869350299103219	cosine	24.0	6.0	4.0	0.2066772468441595	0.07854663026645384
-0.010721428393726655	cosine	24.0	2.0	8.0	0.2983835297492112	0.020539183818460795
-0.4140305317988376	cosine	24.0	4.0	6.0	0.3395411912439763	0.010049245916082774
-0.05405664929315494	cosine	24.0	12.0	8.0	0.40597316344388473	0.002723822944538488
-0.636039060812088	cosine	24.0	0.0	4.0	0.2541785623789577	0.040919829260890266
0.2234529542119841	cosine	24.0	4.0	6.0	0.16977059562198815	0.12256654833167985
-2.0046419399250635	cosine	24.0	4.0	0.0	0.2541785623789577	0.040919829260890266
-0.35575090074973703	cosine	24.0	22.0	20.0	0.2509652283107651	0.042888118888463896
-0.5750200490513482	cosine	24.0	0.0	4.0	0.20260610044699526	0.0827141103030547
0.7152960867348985	cosine	24.0	2.0	4.0	0.3586693421794159	0.0070353044355588755
1.8196309147209864	cosine	24.0	12.0	14.0	0.16977059562198815	0.12256654833167985
0.4210565442662078	cosine	24.0	12.0	14.0	0.16977059562198815	0.12256654833167985
-1.0071060749272653	cosine	24.0	8.0	16.0	0.34005076960724046	0.009956246028067745
1.2812189737465878	cosine	24.0	2.0	4.0	0.18118348213186988	0.10741654185240362
1.40205474228164	cosine	24.0	4.0	8.0	0.3425884971194647	0.009504204798824281
1.527747806058777	cosine	24.0	2.0	4.0	0.21815970297510862	0.06764995867882109
-1.411330286148741	cosine	24.0	14.0	12.0	0.33215986099954203	0.011483852877009561
-0.0816441858100199	cosine	24.0	12.0	14.0	0.3100158702662392	0.016903200710028324
0.9524906338769749	cosine	24.0	8.0	6.0	0.22882123757746228	0.05861420943696903
-0.5458591158718826	cosine	24.0	12.0	14.0	0.3838291727105819	0.00429821088254844
-1.12115679578515	cosine	24.0	22.0	0.0	0.3296902366978937	0.01200202793833976
0.1128774113337522	cosine	24.0	8.0	10.0	0.3912105029550162	0.003700585778126575
1.080187472695624	cosine	24.0	16.0	14.0	0.37644784246614765	0.004980681982243198
-0.09759244779541779	cosine	24.0	20.0	22.0	0.21405857708859377	0.07139933215686703
0.9442732652032859	cosine	24.0	14.0	20.0	0.2018515127212751	0.08350450624194317
-0.6913368706279464	cosine	24.0	12.0	4.0	0.3766153684897394	0.004964179797329569
0.464342482776108	cosine	24.0	8.0	6.0	0.23620256782189655	0.052934139906380795
0.8930215845420619	cosine	24.0	2.0	20.0	0.3034861707247415	0.018869840911642614
-1.334129933631188	cosine	24.0	6.0	0.0	0.49270033812491515	0.00037172395509494575
-0.631810537934175	cosine	24.0	6.0	4.0	0.1845332561108567	0.10323755908592297
-0.7679525925594143	cosine	24.0	6.0	8.0	0.2509652283107651	0.042888118888463896
-0.7724078637270998	cosine	24.0	2.0	0.0	0.35430385173284484	0.007642194440630212
0.853224035212957	cosine	24.0	12.0	8.0	0.22882123757746228	0.05861420943696903
0.7762213963672452	cosine	24.0	20.0	18.0	0.29211214466158614	0.02276070879876716
-1.254672817332501	cosine	24.0	16.0	18.0	0.3734598305167114	0.005283338852544909
1.1350842445703044	cosine	24.0	22.0	16.0	0.21979349113192914	0.06619938366322035
0.0143399803217188	cosine	24.0	8.0	2.0	0.31311851887262904	0.016031910355278088
0.09366723106228049	cosine	24.0	8.0	14.0	0.4338704470055223	0.0014876246619668022
0.558194461984775	cosine	24.0	0.0	22.0	0.31503733728909844	0.015512560718579184
0.5643926707367437	cosine	24.0	8.0	6.0	0.2509652283107651	0.042888118888463896
0.9968490361571481	cosine	24.0	12.0	6.0	0.29414945559696426	0.022017809811881017
-1.325796929837056	cosine	24.0	14.0	16.0	0.16977059562198815	0.12256654833167985
0.9007342438716369	cosine	24.0	4.0	6.0	0.23620256782189655	0.052934139906380795
0.02020347591921617	cosine	24.0	8.0	12.0	0.26572788879963366	0.03444220575113408
-0.9346876409414887	cosine	24.0	12.0	14.0	0.2583465585551994	0.03847661585264555
-0.3817652468452596	cosine	24.0	18.0	20.0	0.34387885384212036	0.009281315096840078
-0.0492361363337337	cosine	24.0	0.0	14.0	0.4395869822638583	0.0013087389029084813
-2.4375751219714745	cosine	24.0	14.0	16.0	0.22143990733302804	0.06476208627439409
1.5520955054551704	cosine	24.0	14.0	12.0	0.35430385173284484	0.007642194440630212
0.10249577423887762	cosine	24.0	10.0	12.0	0.16977059562198815	0.12256654833167985
-0.7875035719975354	cosine	24.0	10.0	2.0	0.35899603551548426	0.0069916470137857895
1.0082339227614903	cosine	24.0	0.0	2.0	0.1845332561108567	0.10323755908592297
0.09409459984936915	cosine	24.0	8.0	0.0	0.24177284024512205	0.04894394450731348
1.1833235921183283	cosine	24.0	6.0	0.0	0.20590461891787498	0.07932505515945215
-0.29549708423306487	cosine	24.0	0.0	2.0	0.30263454002180495	0.019140153805216078
0.29090434180481506	cosine	24.0	10.0	16.0	0.22796582808764732	0.059302293251139775
-0.39261737357884213	cosine	24.0	20.0	22.0	0.30263454002180495	0.019140153805216078
-1.351424574909483	cosine	24.0	0.0	14.0	0.22711994083632678	0.059988929747551704
-2.197430676520721	cosine	24.0	12.0	10.0	0.2952532097773707	0.02162395005989455
-0.2305227550698291	cosine	24.0	14.0	12.0	0.3173972005106735	0.014893695995628085
-1.3522232779114054	cosine	24.0	8.0	2.0	0.3352210025577558	0.010868624632020605
0.9553004793740034	cosine	24.0	8.0	10.0	0.3173972005106735	0.014893695995628085
-0.43842836318462125	cosine	24.0	22.0	20.0	0.23620256782189655	0.052934139906380795
-0.9659336011952603	cosine	24.0	18.0	8.0	0.2930579881759055	0.022413223470489428
-0.8756774392505109	cosine	24.0	0.0	2.0	0.3690665122217134	0.00575805764378841
0.5171712108180201	cosine	24.0	6.0	4.0	0.28049054928850214	0.02741363646522646
-0.962379459178993	cosine	24.0	8.0	10.0	0.23620256782189655	0.052934139906380795
1.4920484794372957	cosine	24.0	18.0	2.0	0.424934082855063	0.0018123247756937882
-0.7075022776250823	cosine	24.0	8.0	16.0	0.2742344916187423	0.030230724316061157
0.6904625273995814	cosine	24.0	2.0	4.0	0.3142978771675294	0.015710968084713377
-0.11423559683526083	cosine	24.0	20.0	18.0	0.21815970297510862	0.06764995867882109
-0.09854398480158988	cosine	24.0	22.0	2.0	0.37067277790634157	0.005580272880207826
-0.9155565075733257	cosine	24.0	0.0	18.0	0.18248661327305735	0.10577656874997582
1.16640674145969	cosine	24.0	12.0	14.0	0.24358389806633082	0.04769966180633572
0.6096307777419969	cosine	24.0	6.0	8.0	0.21405857708859377	0.07139933215686703
-0.5599303036684633	cosine	24.0	16.0	14.0	0.2731092190440679	0.030762062328506853
-1.2036308319771853	cosine	24.0	14.0	16.0	0.17715192586642242	0.11260606365924808
-0.5553481881341674	cosine	24.0	4.0	6.0	0.45764247515492457	0.0008650668306068227
0.6948219196744805	cosine	24.0	16.0	14.0	0.26572788879963366	0.03444220575113408
0.03732259997352864	cosine	24.0	0.0	4.0	0.224708584132122	0.06198051021301793
0.19978050208829454	cosine	24.0	4.0	6.0	0.3100158702662392	0.016903200710028324
-0.11671384208670413	cosine	24.0	8.0	6.0	0.3838291727105819	0.00429821088254844
1.114404885684203	cosine	24.0	20.0	6.0	0.27107863906271257	0.03174043341798899
1.245592812902856	cosine	24.0	2.0	4.0	0.19597397046916537	0.08985625322931617
1.5506194214356215	cosine	24.0	10.0	12.0	0.30263454002180495	0.019140153805216078
-0.30286212114859756	cosine	24.0	6.0	8.0	0.19191458635529096	0.09444831922890234
-1.1972508312248962	cosine	24.0	16.0	14.0	0.24358389806633082	0.04769966180633572
-1.6423136145982826	cosine	24.0	22.0	0.0	0.24177284024512205	0.04894394450731348
2.1066229020296463	cosine	24.0	2.0	18.0	0.3077108875847008	0.01757642110804049
-0.36135736569527915	cosine	24.0	12.0	14.0	0.2731092190440679	0.030762062328506853
-0.4023062365452488	cosine	24.0	22.0	0.0	0.16118189349674802	0.13491510064665357
1.1825737562991714	cosine	24.0	4.0	6.0	0.3100158702662392	0.016903200710028324
2.4771051565270907	cosine	24.0	4.0	2.0	0.22555494714375637	0.0612756889104502
-0.634893339172908	cosine	24.0	10.0	4.0	0.2794419828171161	0.027869928627522758
2.002548316401695	cosine	24.0	6.0	8.0	0.22882123757746228	0.05861420943696903
1.1968668476870805	cosine	24.0	8.0	18.0	0.2490992899495197	0.04406574993045694
0.3822993495349027	cosine	24.0	10.0	8.0	0.24358389806633082	0.04769966180633572
-1.4887948953397074	cosine	24.0	12.0	10.0	0.19929591659972523	0.08622355226943118
-0.8482274440500701	cosine	24.0	0.0	2.0	0.3912105029550162	0.003700585778126575
-0.754951205038557	cosine	24.0	18.0	16.0	0.21076445880646086	0.0745247925817003
-1.9643898186408577	cosine	24.0	2.0	18.0	0.3516695858110866	0.008030305253720312
0.9583157970598286	cosine	24.0	2.0	6.0	0.2983835297492112	0.020539183818460795
1.3559073419096952	cosine	24.0	4.0	0.0	0.2689135515023755	0.032811789040382046
0.08817779311760182	cosine	24.0	2.0	0.0	0.35430385173284484	0.007642194440630212
-0.3087123116459763	cosine	24.0	10.0	8.0	0.413354493688319	0.00232862927072122
-0.8431816314189392	cosine	24.0	2.0	22.0	0.2899321728178315	0.023578911023083498
-0.719450907938192	cosine	24.0	2.0	6.0	0.37942596992800925	0.004694491835707916
0.6954759129751197	cosine	24.0	18.0	20.0	0.28471690049293835	0.0256371939762934
1.0916818224036917	cosine	24.0	4.0	6.0	0.2583465585551994	0.03847661585264555
-0.4113829229928124	cosine	24.0	8.0	2.0	0.23207607869383093	0.05605319139859437
-0.9616709429706457	cosine	24.0	18.0	20.0	0.2625311679869951	0.03614461188618968
-0.14432480332362796	cosine	24.0	2.0	4.0	0.3808550746853591	0.004562440916140081
0.2616658265880422	cosine	24.0	8.0	10.0	0.3616851819772791	0.0066412775630506635
-0.6252960449349607	cosine	24.0	16.0	18.0	0.2773216563242906	0.02881195020498228
-2.2078126031573557	cosine	24.0	22.0	14.0	0.16515123768104328	0.12910587848568428
-1.937550741720783	cosine	24.0	16.0	14.0	0.2509652283107651	0.042888118888463896
-0.2792026237073598	cosine	24.0	6.0	8.0	0.2731092190440679	0.030762062328506853
-1.0078317534525232	cosine	24.0	0.0	2.0	0.2952532097773707	0.02162395005989455
0.21808658078689405	cosine	24.0	2.0	14.0	0.20110529385374434	0.08429170481567638
0.6290220386249965	cosine	24.0	18.0	20.0	0.38825031885400685	0.003930673389220724
-0.45166096367006564	cosine	24.0	20.0	0.0	0.3077108875847008	0.01757642110804049
-0.5292494123061187	cosine	24.0	18.0	16.0	0.39564556302265463	0.003378433371147737
0.40030412164078816	cosine	24.0	4.0	6.0	0.22882123757746228	0.05861420943696903
-1.3160228037451531	cosine	24.0	2.0	4.0	0.29211214466158614	0.02276070879876716
-0.2523733180247112	cosine	24.0	22.0	0.0	0.16850834320114566	0.12432991439258562
0.62546924082174	cosine	24.0	18.0	14.0	0.18787111132357742	0.09919213877373323
1.2235572113742637	cosine	24.0	2.0	4.0	0.4252265396972456	0.0018007516288111659
-2.4884064376166655	cosine	24.0	0.0	16.0	0.2815474113952421	0.026960055111695882
-0.384694225601549	cosine	24.0	16.0	18.0	0.3660645863480636	0.006103836469221554
0.8745621616301545	cosine	24.0	22.0	20.0	0.2952532097773707	0.02162395005989455
1.7440588093165028	cosine	24.0	4.0	2.0	0.20336921463781313	0.08192052243423542
0.4225253843598501	cosine	24.0	2.0	0.0	0.3616851819772791	0.0066412775630506635
0.12336689604526963	cosine	24.0	6.0	4.0	0.2878718795329364	0.024374796195956446
-0.08595552688519635	cosine	24.0	4.0	10.0	0.16913593696825446	0.12345096069325179
-0.788695057813104	cosine	24.0	10.0	8.0	0.30263454002180495	0.019140153805216078
1.3313798619388624	cosine	24.0	0.0	2.0	0.33215986099954203	0.011483852877009561
1.5134799948737423	cosine	24.0	20.0	14.0	0.23855178776150696	0.051220920739073736
-0.07229041193679478	cosine	24.0	22.0	20.0	0.24358389806633082	0.04769966180633572
-1.4491359292163473	cosine	24.0	10.0	8.0	0.24358389806633082	0.04769966180633572
1.2971201558547705	cosine	24.0	6.0	12.0	0.36033308310628126	0.006815453874930347
1.5523217577210524	cosine	24.0	16.0	18.0	0.2699264121556429	0.03230693818080994
0.9062236835595707	cosine	24.0	0.0	2.0	0.1550079351331196	0.14430254111594104
-3.0481594648747548	cosine	24.0	12.0	10.0	0.3838291727105819	0.00429821088254844
0.4306638646255124	cosine	24.0	8.0	10.0	0.21405857708859377	0.07139933215686703
-0.11479868946859928	cosine	24.0	10.0	12.0	0.3912105029550162	0.003700585778126575
-0.5531576763762497	cosine	24.0	20.0	22.0	0.26572788879963366	0.03444220575113408
-1.7068084476632532	cosine	24.0	18.0	0.0	0.2700801876441249	0.03223085368788413
-1.157399392055398	cosine	24.0	0.0	6.0	0.3088569283768125	0.017238887161647665
-1.3820655214950355	cosine	24.0	20.0	22.0	0.24358389806633082	0.04769966180633572
-0.9674764123131657	cosine	24.0	6.0	22.0	0.22304405318324375	0.06338511299725048
-1.2371434436308566	cosine	24.0	0.0	2.0	0.2731092190440679	0.030762062328506853
1.8896517840257647	cosine	24.0	10.0	8.0	0.2878718795329364	0.024374796195956446
-0.10881113324149727	cosine	24.0	20.0	16.0	0.2794419828171161	0.027869928627522758
-0.9349030709188025	cosine	24.0	16.0	18.0	0.3586693421794159	0.0070353044355588755
-0.7120464113204664	cosine	24.0	18.0	16.0	0.23295019131240413	0.055380662873957556
-0.05871266436881259	cosine	24.0	4.0	6.0	0.2952532097773707	0.02162395005989455
0.2608241947561279	cosine	24.0	12.0	10.0	0.2066772468441595	0.07854663026645384
1.2416021284992718	cosine	24.0	8.0	10.0	0.23620256782189655	0.052934139906380795
0.8773421012709242	cosine	24.0	6.0	20.0	0.14652899408795275	0.15789673145623845
0.13019962750761135	cosine	24.0	10.0	12.0	0.22143990733302804	0.06476208627439409
0.250946791075417	cosine	24.0	12.0	10.0	0.2878718795329364	0.024374796195956446
-2.122294083652617	cosine	24.0	6.0	20.0	0.20514059172313384	0.08010054349500118
-0.4996977614436192	cosine	24.0	2.0	10.0	0.23444639054072441	0.05424431461757581
-0.33109074642324676	cosine	24.0	22.0	2.0	0.2532318977775997	0.04149193177995398
0.3257380885768797	cosine	24.0	4.0	6.0	0.26572788879963366	0.03444220575113408
-0.7416069910984268	cosine	24.0	20.0	22.0	0.2878718795329364	0.024374796195956446
0.22444410660386324	cosine	24.0	12.0	22.0	0.3370166864022913	0.010521242945149252
-0.04221299021117051	cosine	24.0	8.0	6.0	0.14024527464425107	0.16849709470074392
-0.7621334583002827	cosine	24.0	2.0	0.0	0.19929591659972523	0.08622355226943118
0.9270199211191137	cosine	24.0	16.0	14.0	0.30263454002180495	0.019140153805216078
-0.2027690287573464	cosine	24.0	8.0	10.0	0.19929591659972523	0.08622355226943118
1.3777569856068235	cosine	24.0	20.0	22.0	0.2583465585551994	0.03847661585264555
-0.9937328853837921	cosine	24.0	2.0	4.0	0.28471690049293835	0.0256371939762934
-1.1192791686322097	cosine	24.0	0.0	16.0	0.2522957322892429	0.04206404605218764
-0.6515282607357807	cosine	24.0	16.0	8.0	0.20841821363024415	0.0768138415244357
-0.8845600795049428	cosine	24.0	0.0	2.0	0.14762660488868534	0.15609104027542364
1.5875167673346415	cosine	24.0	14.0	12.0	0.32477853075510776	0.013093115992743426
-0.7277442951934114	cosine	24.0	6.0	16.0	0.424934082855063	0.0018123247756937882
-0.06925668528070873	cosine	24.0	18.0	20.0	0.21815970297510862	0.06764995867882109
0.9790752697994292	cosine	24.0	8.0	6.0	0.2509652283107651	0.042888118888463896
0.5383801488311581	cosine	24.0	14.0	10.0	0.0994611765830704	0.24796336213940484
-0.10016989696847459	cosine	24.0	10.0	8.0	0.28049054928850214	0.02741363646522646
-0.20780939479395588	cosine	24.0	12.0	14.0	0.3395411912439763	0.010049245916082774
-1.2055345452294446	cosine	24.0	2.0	0.0	0.33215986099954203	0.011483852877009561
-2.687417487256252	cosine	24.0	2.0	8.0	0.29101603518750224	0.023169067299739072
-0.7881245602071459	cosine	24.0	16.0	18.0	0.39564556302265463	0.003378433371147737
0.49873682193858354	cosine	24.0	14.0	12.0	0.30263454002180495	0.019140153805216078
1.5518109962493036	cosine	24.0	20.0	22.0	0.35430385173284484	0.007642194440630212
-0.7273495619180302	cosine	24.0	16.0	20.0	0.4632853925652187	0.0007578549499656675
-1.0017037163649591	cosine	24.0	20.0	22.0	0.23620256782189655	0.052934139906380795
1.025975747388698	cosine	24.0	8.0	10.0	0.32477853075510776	0.013093115992743426
-0.7157621100331709	cosine	24.0	12.0	10.0	0.3616851819772791	0.0066412775630506635
0.5451301393882875	cosine	24.0	16.0	6.0	0.18316124260994093	0.1049347021149013
-0.6244696475108006	cosine	24.0	18.0	16.0	0.18118348213186988	0.10741654185240362
-0.380390394744539	cosine	24.0	14.0	10.0	0.20260610044699526	0.0827141103030547
0.24701051610669217	cosine	24.0	2.0	18.0	0.2490992899495197	0.04406574993045694
-0.6000765362777377	cosine	24.0	0.0	18.0	0.2408823295204357	0.049565208125727844
-1.8784109365766706	cosine	24.0	10.0	14.0	0.3057510243109201	0.018166718113862217
0.9357357068604734	cosine	24.0	22.0	20.0	0.19929591659972523	0.08622355226943118
1.9032288393673147	cosine	24.0	2.0	0.0	0.3395411912439763	0.010049245916082774
0.2667870026182925	cosine	24.0	4.0	8.0	0.26154605694066657	0.03668290960514206
0.8324042704965384	cosine	24.0	18.0	14.0	0.23207607869383093	0.05605319139859437
0.6106872010325551	cosine	24.0	16.0	14.0	0.3100158702662392	0.016903200710028324
-0.06262500594560153	cosine	24.0	22.0	20.0	0.17715192586642242	0.11260606365924808
0.0327982000414641	cosine	24.0	16.0	18.0	0.35127409801076814	0.008090044838256295
-2.0481598872489037	cosine	24.0	18.0	14.0	0.3204860134343379	0.014115833190008366
-0.052555934751226864	cosine	24.0	14.0	10.0	0.36469098080459145	0.006268102368788777
-0.39739583214367175	cosine	24.0	0.0	2.0	0.21405857708859377	0.07139933215686703
0.48318283551470936	cosine	24.0	20.0	16.0	0.3015031919868884	0.01950433652444874
-1.0122076274351202	cosine	24.0	6.0	4.0	0.21405857708859377	0.07139933215686703
2.5503713986173806	cosine	24.0	16.0	18.0	0.28471690049293835	0.0256371939762934
-1.0104806099368309	cosine	24.0	16.0	14.0	0.2583465585551994	0.03847661585264555
-0.553377689390017	cosine	24.0	20.0	18.0	0.49917898138372313	0.0003161268845448047
0.8550253997700749	cosine	24.0	20.0	22.0	0.28049054928850214	0.02741363646522646
0.5186958419674546	cosine	24.0	20.0	16.0	0.3235644011566607	0.013375682598903569
-2.163405593830715	cosine	24.0	12.0	14.0	0.19191458635529096	0.09444831922890234
-0.001279898028414187	cosine	24.0	22.0	20.0	0.3469225214884106	0.008773600268086433
-1.752958773673979	cosine	24.0	16.0	22.0	0.4469134319682559	0.0011082524137469671
0.997313398342992	cosine	24.0	2.0	22.0	0.23855178776150696	0.051220920739073736
-1.2885364839966593	cosine	24.0	0.0	2.0	0.21405857708859377	0.07139933215686703
-0.10361766646595705	cosine	24.0	10.0	14.0	0.40152845361313605	0.0029900564410862453
0.2514439511493528	cosine	24.0	6.0	4.0	0.23620256782189655	0.052934139906380795
-0.22674010271432302	cosine	24.0	14.0	0.0	0.31503733728909844	0.015512560718579184
1.0692601908280563	cosine	24.0	4.0	6.0	0.3616851819772791	0.0066412775630506635
1.477917453329416	cosine	24.0	10.0	6.0	0.3352210025577558	0.010868624632020605
0.18510180251303085	cosine	24.0	18.0	14.0	0.24681106781724876	0.04554533424377086
-1.4219826020894224	cosine	24.0	18.0	14.0	0.3941609590514271	0.003483349956988493
-0.5108423038813926	cosine	24.0	8.0	10.0	0.3100158702662392	0.016903200710028324
-0.2856432091248014	cosine	24.0	10.0	6.0	0.3352210025577558	0.010868624632020605
0.4745154032782468	cosine	24.0	20.0	16.0	0.19119714613802677	0.09527758524409297
0.06783451634970293	cosine	24.0	6.0	2.0	0.20997359500870416	0.07529048637923798
1.481788694170934	cosine	24.0	6.0	8.0	0.21405857708859377	0.07139933215686703
0.2051455534592349	cosine	24.0	18.0	20.0	0.17378823796322213	0.11707097859576515
1.1869479978114827	cosine	24.0	22.0	0.0	0.30038443788030317	0.01987023624788583
-1.8923105537488834	cosine	24.0	20.0	16.0	0.36768681949620535	0.005914759289857825
0.7282200128558696	cosine	24.0	4.0	6.0	0.16238926537755388	0.1331294177656946
-0.6502759592358136	cosine	24.0	22.0	8.0	0.3956282840374724	0.003379637955668793
-0.6385301029339759	cosine	24.0	16.0	6.0	0.3296902366978937	0.01200202793833976
0.1677130093885223	cosine	24.0	12.0	16.0	0.3720584753663004	0.005430836150817805
1.253012468004666	cosine	24.0	4.0	6.0	0.3395411912439763	0.010049245916082774
-0.8645072010082131	cosine	24.0	2.0	22.0	0.3046122828339243	0.01851739807192879
-0.4577832942066053	cosine	24.0	6.0	4.0	0.17715192586642242	0.11260606365924808
-0.966030540455238	cosine	24.0	20.0	2.0	0.28886033117174187	0.023990189143146694
1.5275517406633612	cosine	24.0	16.0	18.0	0.23295019131240413	0.055380662873957556
-1.8385689297010317	cosine	24.0	12.0	10.0	0.3838291727105819	0.00429821088254844
-0.5215590272183317	cosine	24.0	18.0	20.0	0.28471690049293835	0.0256371939762934
1.3908292785319496	cosine	24.0	6.0	8.0	0.28049054928850214	0.02741363646522646
0.7958813634622725	cosine	24.0	18.0	12.0	0.3897480286659777	0.0038127055583381552
-0.8618001316234073	cosine	24.0	22.0	10.0	0.18647945430074478	0.10086448344866494
0.7948160309700452	cosine	24.0	14.0	16.0	0.3100158702662392	0.016903200710028324
1.707103776065266	cosine	24.0	20.0	16.0	0.3015031919868884	0.01950433652444874
-0.4629118984410831	cosine	24.0	16.0	14.0	0.19929591659972523	0.08622355226943118
-1.6725600894225165	cosine	24.0	12.0	10.0	0.22143990733302804	0.06476208627439409
2.0048608757505777	cosine	24.0	0.0	22.0	0.1978141420187362	0.0878301350644845
0.4522058208140538	cosine	24.0	6.0	8.0	0.39859183319945046	0.003178592823322213
-0.6521908887300976	cosine	24.0	14.0	16.0	0.33215986099954203	0.011483852877009561
0.44921833646535386	cosine	24.0	20.0	18.0	0.17378823796322213	0.11707097859576515
0.03470412359436777	cosine	24.0	12.0	18.0	0.29414945559696426	0.022017809811881017
1.231940235933274	cosine	24.0	18.0	20.0	0.22555494714375637	0.0612756889104502
-1.8049540165506248	cosine	24.0	2.0	12.0	0.40003299793852704	0.0030847701270604547
-1.4465646847800189	cosine	24.0	18.0	22.0	0.3867934644897182	0.004048549572026775
-1.4054148989474193	cosine	24.0	8.0	10.0	0.14024527464425107	0.16849709470074392
2.118220842830343	cosine	24.0	8.0	10.0	0.1550079351331196	0.14430254111594104
1.5898893906517355	cosine	24.0	22.0	20.0	0.32477853075510776	0.013093115992743426
-1.7994239525033693	cosine	24.0	0.0	6.0	0.5735914384140803	4.3038958022825875e-05
1.1510003008938723	cosine	24.0	2.0	6.0	0.18787111132357742	0.09919213877373323
-0.9526279358208513	cosine	24.0	8.0	10.0	0.3173972005106735	0.014893695995628085
-0.1679337936857129	cosine	24.0	22.0	0.0	0.1758347929055433	0.11433970056138665
0.8581573097863965	cosine	24.0	4.0	6.0	0.4207358239327533	0.0019860827842088013
1.060892478880688	cosine	24.0	22.0	0.0	0.2930579881759055	0.022413223470489428
-0.9367550420236178	cosine	24.0	14.0	18.0	0.23207607869383093	0.05605319139859437
0.37418198374984907	cosine	24.0	22.0	0.0	0.2124670414275315	0.07289658589843155
-1.0106064291288726	cosine	24.0	14.0	10.0	0.23944357325553983	0.05058223589567321
-0.3376284038984176	cosine	24.0	6.0	4.0	0.26572788879963366	0.03444220575113408
0.16079217726417647	cosine	24.0	10.0	2.0	0.32236378699349605	0.013660266883671912
-1.803492526769515	cosine	24.0	10.0	16.0	0.18384340974810268	0.10408837222103484
-0.676571516598604	cosine	24.0	16.0	22.0	0.45423988167265356	0.0009362824376808947
0.6772262670215604	cosine	24.0	10.0	12.0	0.2509652283107651	0.042888118888463896
0.48660631832256185	cosine	24.0	22.0	20.0	0.22882123757746228	0.05861420943696903
0.3379674828118523	cosine	24.0	0.0	8.0	0.2857315384715079	0.025225367793130095
0.5523732606172768	cosine	24.0	4.0	2.0	0.2699264121556429	0.03230693818080994
-0.852061664382935	cosine	24.0	8.0	6.0	0.22143990733302804	0.06476208627439409
-1.2626594460906433	cosine	24.0	4.0	6.0	0.17715192586642242	0.11260606365924808
-0.43967645801364585	cosine	24.0	0.0	22.0	0.21979349113192914	0.06619938366322035
0.6562874713351612	cosine	24.0	12.0	10.0	0.30263454002180495	0.019140153805216078
0.4101974535655004	cosine	24.0	14.0	16.0	0.2509652283107651	0.042888118888463896
1.4841357344757156	cosine	24.0	8.0	10.0	0.23620256782189655	0.052934139906380795
1.264613100903676	cosine	24.0	22.0	20.0	0.2583465585551994	0.03847661585264555
0.21450953852409094	cosine	24.0	16.0	2.0	0.28259211780978516	0.026517864644015943
-0.4628257288634403	cosine	24.0	20.0	22.0	0.14762660488868534	0.15609104027542364
-0.07772148547832575	cosine	24.0	14.0	12.0	0.21405857708859377	0.07139933215686703
0.4670884418821611	cosine	24.0	8.0	18.0	0.21979349113192914	0.06619938366322035
1.794380513693157	cosine	24.0	2.0	0.0	0.26572788879963366	0.03444220575113408
-0.3706846869871506	cosine	24.0	14.0	20.0	0.28259211780978516	0.026517864644015943
0.09967207569867087	cosine	24.0	12.0	16.0	0.29101603518750224	0.023169067299739072
3.1200179482418076	cosine	24.0	10.0	8.0	0.21405857708859377	0.07139933215686703
-1.6325157095060503	cosine	24.0	18.0	16.0	0.46220276054048437	0.0007774237502962231
0.8441543357113511	cosine	24.0	8.0	10.0	0.26572788879963366	0.03444220575113408
0.42637746377015434	cosine	24.0	12.0	10.0	0.30263454002180495	0.019140153805216078
-0.8758923700557134	cosine	24.0	0.0	22.0	0.3516695858110866	0.008030305253720312
-1.1050089302932606	cosine	24.0	10.0	14.0	0.48993838835364306	0.0003980811056498704
