ID	Waveform	Period	Phase	Nadir	Tau	P
0.07849520142487948	cosine	24.0	14.0	20.0	0.29727222782587787	0.020918889760707993
1.0222534757149366	cosine	24.0	16.0	22.0	0.4395869822638583	0.0013087389029084813
-0.948358035557189	cosine	24.0	12.0	14.0	0.22143990733302804	0.06476208627439409
-0.7336797069237843	cosine	24.0	8.0	6.0	0.2509652283107651	0.042888118888463896
0.9826366716491337	cosine	24.0	16.0	18.0	0.29211214466158614	0.02276070879876716
-1.449150112722912	cosine	24.0	20.0	18.0	0.18118348213186988	0.10741654185240362
0.4201847141619613	cosine	24.0	14.0	16.0	0.3616851819772791	0.0066412775630506635
1.0230530976637588	cosine	24.0	16.0	20.0	0.3235644011566607	0.013375682598903569
-0.7675074382225751	cosine	24.0	10.0	16.0	0.25002703725741965	0.04347701138065798
0.5424211348875682	cosine	24.0	2.0	4.0	0.1885787263005176	0.09834961988888624
0.5174139662492101	cosine	24.0	10.0	6.0	0.41626344273655386	0.002187709194618986
-2.143361907542121	cosine	24.0	0.0	12.0	0.537499603572735	0.0001167403418648289
0.15987253207689184	cosine	24.0	12.0	16.0	0.26154605694066657	0.03668290960514206
-0.4373752615917429	cosine	24.0	0.0	22.0	0.23444639054072441	0.05424431461757581
1.1710411814960437	cosine	24.0	14.0	12.0	0.12548261415538256	0.19515484779068937
1.5786458983358382	cosine	24.0	20.0	18.0	0.5139694697210186	0.00021688021381524654
-0.20747398672104017	cosine	24.0	10.0	16.0	0.6250675931435491	9.377380133857909e-06
1.4682484037576518	cosine	24.0	2.0	22.0	0.3926929429304807	0.0035899625406177324
1.0311102353401735	cosine	24.0	14.0	8.0	0.4265167106155982	0.0017504949338750207
-0.6343686744733429	cosine	24.0	12.0	10.0	0.2878718795329364	0.024374796195956446
-0.4371051576583227	cosine	24.0	12.0	8.0	0.3838291727105819	0.00429821088254844
-2.740872207666245	cosine	24.0	12.0	10.0	0.16238926537755388	0.1331294177656946
0.31717767846059775	cosine	24.0	2.0	4.0	0.19597397046916537	0.08985625322931617
0.28165035925304754	cosine	24.0	6.0	8.0	0.524074447354833	0.0001667261860500595
-0.5711274336943679	cosine	24.0	10.0	8.0	0.26572788879963366	0.03444220575113408
-0.6786687940920051	cosine	24.0	4.0	14.0	0.21979349113192914	0.06619938366322035
0.42933465223358214	cosine	24.0	10.0	8.0	0.1845332561108567	0.10323755908592297
-0.6120008309222529	cosine	24.0	10.0	8.0	0.1845332561108567	0.10323755908592297
0.37719193230317116	cosine	24.0	16.0	20.0	0.19119714613802677	0.09527758524409297
-0.04253777241176664	cosine	24.0	22.0	20.0	0.19191458635529096	0.09444831922890234
-1.4693504403205806	cosine	24.0	22.0	18.0	0.28364854062579337	0.02607689362942387
-0.3878816276058396	cosine	24.0	4.0	2.0	0.21815970297510862	0.06764995867882109
0.35208486981647047	cosine	24.0	10.0	12.0	0.2731092190440679	0.030762062328506853
0.08980921965338544	cosine	24.0	2.0	6.0	0.32785350799604684	0.012400444227444124
0.9220655399078478	cosine	24.0	6.0	4.0	0.2583465585551994	0.03847661585264555
-1.1006582319378453	cosine	24.0	6.0	8.0	0.2583465585551994	0.03847661585264555
-1.0188939234545848	cosine	24.0	20.0	22.0	0.1550079351331196	0.14430254111594104
-0.826271066401422	cosine	24.0	12.0	18.0	0.26473451003726783	0.034964025382031784
1.9753489055867077	cosine	24.0	18.0	16.0	0.33648360967347263	0.010623344634627566
-0.05646813457490782	cosine	24.0	10.0	12.0	0.1845332561108567	0.10323755908592297
-1.0544646239269366	cosine	24.0	22.0	0.0	0.424934082855063	0.0018123247756937882
-0.3023875638702269	cosine	24.0	4.0	6.0	0.3173972005106735	0.014893695995628085
0.33980409178815163	cosine	24.0	14.0	10.0	0.2541785623789577	0.040919829260890266
1.4448413968684448	cosine	24.0	22.0	0.0	0.18316124260994093	0.1049347021149013
0.5562167475987444	cosine	24.0	20.0	22.0	0.2509652283107651	0.042888118888463896
0.16267426240366084	cosine	24.0	0.0	22.0	0.26375218935831496	0.03548639977917875
-0.8496596075783228	cosine	24.0	20.0	22.0	0.2731092190440679	0.030762062328506853
0.41746751463814086	cosine	24.0	22.0	16.0	0.31503733728909844	0.015512560718579184
0.9657499104689551	cosine	24.0	10.0	6.0	0.44573342098338953	0.001138513936955571
-1.4294428082555288	cosine	24.0	2.0	0.0	0.32477853075510776	0.013093115992743426
-2.2880769869512223	cosine	24.0	14.0	20.0	0.28259211780978516	0.026517864644015943
0.2972819258471817	cosine	24.0	18.0	20.0	0.16639299379457437	0.12732468937632635
-0.6544031236392432	cosine	24.0	20.0	18.0	0.2625311679869951	0.03614461188618968
0.328586830379039	cosine	24.0	6.0	10.0	0.43836592642168065	0.0013452089331977713
1.7846847474229264	cosine	24.0	10.0	14.0	0.28364854062579337	0.02607689362942387
-0.7439926996672902	cosine	24.0	10.0	12.0	0.2878718795329364	0.024374796195956446
0.5000012439190241	cosine	24.0	20.0	14.0	0.18717140270518237	0.10003042182200605
-0.7139718272103368	cosine	24.0	10.0	12.0	0.32477853075510776	0.013093115992743426
-2.1917243766513423	cosine	24.0	16.0	18.0	0.17378823796322213	0.11707097859576515
0.8764436031377623	cosine	24.0	4.0	2.0	0.20336921463781313	0.08192052243423542
-1.8226454149757667	cosine	24.0	8.0	2.0	0.44573342098338953	0.001138513936955571
0.11001927183671967	cosine	24.0	14.0	10.0	0.23944357325553983	0.05058223589567321
0.8458481381201957	cosine	24.0	22.0	2.0	0.2458918427695533	0.04615084821555857
0.9280917081596607	cosine	24.0	16.0	14.0	0.17715192586642242	0.11260606365924808
2.49597816263238	cosine	24.0	6.0	16.0	0.22711994083632678	0.059988929747551704
-0.3735885511913113	cosine	24.0	8.0	10.0	0.26572788879963366	0.03444220575113408
-0.1799140089088734	cosine	24.0	8.0	12.0	0.2583465585551994	0.03847661585264555
-0.022567682998028568	cosine	24.0	16.0	12.0	0.3573234862428825	0.0072177043070196685
0.866689338990826	cosine	24.0	0.0	2.0	0.39859183319945046	0.003178592823322213
0.8084491355368257	cosine	24.0	14.0	16.0	0.3395411912439763	0.010049245916082774
0.3730024172293682	cosine	24.0	10.0	8.0	0.19929591659972523	0.08622355226943118
-0.25806994855649884	cosine	24.0	12.0	14.0	0.3100158702662392	0.016903200710028324
-0.6612808951182553	cosine	24.0	8.0	2.0	0.23944357325553983	0.05058223589567321
-0.07414013693642293	cosine	24.0	16.0	14.0	0.2731092190440679	0.030762062328506853
-0.5262618356587049	cosine	24.0	0.0	22.0	0.32236378699349605	0.013660266883671912
1.2240810516074039	cosine	24.0	12.0	16.0	0.29101603518750224	0.023169067299739072
-0.04632436706684261	cosine	24.0	4.0	6.0	0.21405857708859377	0.07139933215686703
1.422126986735024	cosine	24.0	22.0	16.0	0.1538554437923504	0.1461025192525654
-0.047973368178146014	cosine	24.0	14.0	16.0	0.16977059562198815	0.12256654833167985
1.0826800258133167	cosine	24.0	2.0	6.0	0.20997359500870416	0.07529048637923798
1.1785117208066933	cosine	24.0	20.0	16.0	0.36033308310628126	0.006815453874930347
-0.8035678073149696	cosine	24.0	12.0	10.0	0.22882123757746228	0.05861420943696903
-2.0991332270860714	cosine	24.0	14.0	12.0	0.32477853075510776	0.013093115992743426
0.4966165892960803	cosine	24.0	6.0	8.0	0.30263454002180495	0.019140153805216078
-1.8440815244282283	cosine	24.0	12.0	14.0	0.3173972005106735	0.014893695995628085
-0.19959506122414405	cosine	24.0	4.0	10.0	0.22796582808764732	0.059302293251139775
2.256289598830762	cosine	24.0	22.0	0.0	0.1978141420187362	0.0878301350644845
-0.6685270139988158	cosine	24.0	14.0	16.0	0.3395411912439763	0.010049245916082774
-1.0817522390636507	cosine	24.0	8.0	12.0	0.30263454002180495	0.019140153805216078
0.10992845181444844	cosine	24.0	16.0	20.0	0.37504055588612945	0.005121247717925717
-1.8170197750214383	cosine	24.0	22.0	0.0	0.2124670414275315	0.07289658589843155
-0.6074890202718767	cosine	24.0	20.0	2.0	0.31811201027774105	0.014710479506912271
-0.20283831038506023	cosine	24.0	18.0	20.0	0.16639299379457437	0.12732468937632635
0.27539362344115637	cosine	24.0	0.0	2.0	0.22143990733302804	0.06476208627439409
-1.896349466353646	cosine	24.0	14.0	12.0	0.23620256782189655	0.052934139906380795
-0.25459005115861394	cosine	24.0	4.0	2.0	0.29950738883023387	0.02016114215609676
-1.8257963538477426	cosine	24.0	10.0	6.0	0.20260610044699526	0.0827141103030547
1.3048877855717138	cosine	24.0	8.0	12.0	0.2583465585551994	0.03847661585264555
1.493427027049374	cosine	24.0	22.0	2.0	0.22387167774541422	0.06268366142713092
-0.44966455656314747	cosine	24.0	10.0	12.0	0.1550079351331196	0.14430254111594104
0.18033502178829036	cosine	24.0	4.0	6.0	0.46502380539935884	0.0007273798775274108
1.7353133454566438	cosine	24.0	22.0	20.0	0.22882123757746228	0.05861420943696903
-1.0713981912825168	cosine	24.0	12.0	8.0	0.24358389806633082	0.04769966180633572
0.22941042475795279	cosine	24.0	8.0	4.0	0.2689135515023755	0.032811789040382046
-0.29590259270397284	cosine	24.0	8.0	0.0	0.23444639054072441	0.05424431461757581
-1.1310750129008174	cosine	24.0	0.0	22.0	0.18316124260994093	0.1049347021149013
-0.2101966924615994	cosine	24.0	18.0	16.0	0.2625311679869951	0.03614461188618968
0.6773103986358726	cosine	24.0	6.0	8.0	0.42811715417718754	0.00168992695018417
1.107405945706294	cosine	24.0	20.0	16.0	0.25002703725741965	0.04347701138065798
0.6038784940320995	cosine	24.0	10.0	8.0	0.3100158702662392	0.016903200710028324
0.43265532567001375	cosine	24.0	20.0	18.0	0.2699264121556429	0.03230693818080994
0.043273941251264485	cosine	24.0	16.0	14.0	0.23620256782189655	0.052934139906380795
0.4771018298209211	cosine	24.0	18.0	20.0	0.3142978771675294	0.015710968084713377
-2.8328680289118355	cosine	24.0	12.0	14.0	0.2583465585551994	0.03847661585264555
-1.5753337217660246	cosine	24.0	20.0	18.0	0.24774067964969962	0.04493949144849353
1.2176518870313076	cosine	24.0	0.0	18.0	0.17518714874213506	0.11519907771269805
-2.4409806832473167	cosine	24.0	12.0	18.0	0.2132583553077991	0.07214917198900778
-0.0482778919393651	cosine	24.0	20.0	22.0	0.19929591659972523	0.08622355226943118
0.9280432957913819	cosine	24.0	12.0	14.0	0.28049054928850214	0.02741363646522646
-0.9130058304946138	cosine	24.0	14.0	12.0	0.30263454002180495	0.019140153805216078
-0.19875060558939717	cosine	24.0	10.0	8.0	0.32477853075510776	0.013093115992743426
-1.507314799050097	cosine	24.0	8.0	6.0	0.3173972005106735	0.014893695995628085
0.518219158773155	cosine	24.0	20.0	18.0	0.23295019131240413	0.055380662873957556
-0.14635846680831235	cosine	24.0	4.0	6.0	0.30263454002180495	0.019140153805216078
0.044691604509441804	cosine	24.0	2.0	0.0	0.28049054928850214	0.02741363646522646
2.242390991132811	cosine	24.0	2.0	0.0	0.22143990733302804	0.06476208627439409
0.5534583991420757	cosine	24.0	18.0	20.0	0.21815970297510862	0.06764995867882109
0.4220874588360369	cosine	24.0	0.0	22.0	0.2490992899495197	0.04406574993045694
0.10427080156386051	cosine	24.0	12.0	22.0	0.13920254438355512	0.17029941465108106
-0.15427460605346507	cosine	24.0	6.0	4.0	0.2731092190440679	0.030762062328506853
-0.30090798286352083	cosine	24.0	22.0	0.0	0.1758347929055433	0.11433970056138665
-0.18093377722642656	cosine	24.0	14.0	16.0	0.17715192586642242	0.11260606365924808
-1.3334712238523614	cosine	24.0	12.0	10.0	0.2583465585551994	0.03847661585264555
-2.549995883097777	cosine	24.0	10.0	18.0	0.36632248521988187	0.006073423898817913
-0.23181442794009108	cosine	24.0	8.0	10.0	0.3469225214884106	0.008773600268086433
1.4486530304733063	cosine	24.0	18.0	16.0	0.17378823796322213	0.11707097859576515
0.17690174256281793	cosine	24.0	8.0	4.0	0.4236309372982628	0.0018647196863375262
0.5484047670095898	cosine	24.0	14.0	12.0	0.2952532097773707	0.02162395005989455
-0.14220624496740306	cosine	24.0	20.0	18.0	0.2625311679869951	0.03614461188618968
1.1376724271714442	cosine	24.0	10.0	8.0	0.1845332561108567	0.10323755908592297
2.2779346306576067	cosine	24.0	20.0	18.0	0.23295019131240413	0.055380662873957556
-0.2783462323651439	cosine	24.0	22.0	10.0	0.23766989273624334	0.0518588158081891
-0.33990221184408453	cosine	24.0	20.0	4.0	0.2522957322892429	0.04206404605218764
0.11894256394936788	cosine	24.0	10.0	8.0	0.2509652283107651	0.042888118888463896
-1.091266377066091	cosine	24.0	6.0	2.0	0.28364854062579337	0.02607689362942387
-0.3707782025606314	cosine	24.0	18.0	22.0	0.36469098080459145	0.006268102368788777
0.8578437262420778	cosine	24.0	8.0	2.0	0.24681106781724876	0.04554533424377086
1.4956595687361838	cosine	24.0	14.0	12.0	0.3100158702662392	0.016903200710028324
-1.0189352309833566	cosine	24.0	6.0	20.0	0.36632248521988187	0.006073423898817913
0.6318475756689657	cosine	24.0	18.0	16.0	0.1885787263005176	0.09834961988888624
-1.9591133520515185	cosine	24.0	20.0	16.0	0.22796582808764732	0.059302293251139775
0.8351214579497851	cosine	24.0	18.0	12.0	0.3971017650559018	0.0032782919758639786
-0.9185300223961845	cosine	24.0	22.0	0.0	0.2124670414275315	0.07289658589843155
-0.5286076857715362	cosine	24.0	2.0	0.0	0.2583465585551994	0.03847661585264555
-0.04509760184132008	cosine	24.0	8.0	2.0	0.3057510243109201	0.018166718113862217
0.9484090474002607	cosine	24.0	18.0	14.0	0.3720584753663004	0.005430836150817805
1.3990518123035844	cosine	24.0	6.0	2.0	0.36469098080459145	0.006268102368788777
-0.050254862475850245	cosine	24.0	10.0	12.0	0.21405857708859377	0.07139933215686703
-2.202403837809263	cosine	24.0	22.0	0.0	0.22711994083632678	0.059988929747551704
0.7242440669230906	cosine	24.0	4.0	2.0	0.14420726128863112	0.16176125330350544
-0.994374493661626	cosine	24.0	18.0	14.0	0.3720584753663004	0.005430836150817805
1.4706247513492539	cosine	24.0	0.0	2.0	0.2952532097773707	0.02162395005989455
-0.6486838036542509	cosine	24.0	4.0	12.0	0.36198952893673986	0.006602618688996535
1.0885742164567533	cosine	24.0	14.0	12.0	0.2952532097773707	0.02162395005989455
-0.919775480875689	cosine	24.0	22.0	10.0	0.34736368938374024	0.008702066626578324
1.401046764733376	cosine	24.0	20.0	16.0	0.26473451003726783	0.034964025382031784
-2.0659004269764503	cosine	24.0	16.0	18.0	0.2773216563242906	0.02881195020498228
-0.3590018725606053	cosine	24.0	22.0	16.0	0.26375218935831496	0.03548639977917875
-0.35205529999146606	cosine	24.0	8.0	10.0	0.22882123757746228	0.05861420943696903
0.10576929375190762	cosine	24.0	20.0	22.0	0.2509652283107651	0.042888118888463896
0.3782003665263581	cosine	24.0	18.0	20.0	0.21076445880646086	0.0745247925817003
0.5464854615939818	cosine	24.0	20.0	18.0	0.23295019131240413	0.055380662873957556
0.3779920845909736	cosine	24.0	0.0	2.0	0.19191458635529096	0.09444831922890234
0.27830272548219803	cosine	24.0	10.0	12.0	0.33215986099954203	0.011483852877009561
-0.0565316313340304	cosine	24.0	4.0	10.0	0.3162106647667366	0.015202154824326483
-0.1221583365124726	cosine	24.0	22.0	20.0	0.2583465585551994	0.03847661585264555
-1.6746757613804641	cosine	24.0	22.0	20.0	0.2952532097773707	0.02162395005989455
0.05277419248773183	cosine	24.0	12.0	10.0	0.48716779613266165	0.0004262546337290486
-0.9445372840121689	cosine	24.0	18.0	16.0	0.29211214466158614	0.02276070879876716
-0.9623168612778554	cosine	24.0	14.0	22.0	0.2532318977775997	0.04149193177995398
-0.13018776594230075	cosine	24.0	12.0	8.0	0.21405857708859377	0.07139933215686703
-1.428264897544912	cosine	24.0	12.0	14.0	0.2066772468441595	0.07854663026645384
0.8613055326015049	cosine	24.0	16.0	18.0	0.21076445880646086	0.0745247925817003
0.30157416400048875	cosine	24.0	14.0	16.0	0.26572788879963366	0.03444220575113408
1.120013353568725	cosine	24.0	20.0	18.0	0.3216931213361771	0.01382149916799702
-0.23421582561330215	cosine	24.0	14.0	12.0	0.19191458635529096	0.09444831922890234
0.21317719721883585	cosine	24.0	12.0	8.0	0.2583465585551994	0.03847661585264555
-0.005356071605964916	cosine	24.0	2.0	4.0	0.2625311679869951	0.03614461188618968
-0.5165060484768631	cosine	24.0	0.0	16.0	0.2815474113952421	0.026960055111695882
-0.4539531986466857	cosine	24.0	14.0	0.0	0.344343136106689	0.009202243653261678
-0.6989617690236543	cosine	24.0	4.0	0.0	0.4236309372982628	0.0018647196863375262
-0.5993040302323789	cosine	24.0	8.0	6.0	0.11810128391094828	0.20939473758024713
-0.25847673521980813	cosine	24.0	14.0	12.0	0.14024527464425107	0.16849709470074392
-0.4024201226837145	cosine	24.0	12.0	16.0	0.2541785623789577	0.040919829260890266
1.8710912931130879	cosine	24.0	18.0	0.0	0.30657751029873637	0.017915757292876724
1.2676120611584158	cosine	24.0	12.0	16.0	0.48993838835364306	0.0003980811056498704
1.0828608164974955	cosine	24.0	8.0	10.0	0.13286394439981683	0.1815197663058417
-1.2053780985771458	cosine	24.0	4.0	8.0	0.37942596992800925	0.004694491835707916
-0.516850279221332	cosine	24.0	8.0	6.0	0.24358389806633082	0.04769966180633572
-0.3432721408394256	cosine	24.0	6.0	10.0	0.18787111132357742	0.09919213877373323
1.0013787321889116	cosine	24.0	0.0	8.0	0.37364893492427953	0.005263710294693397
0.331745659163315	cosine	24.0	8.0	10.0	0.3100158702662392	0.016903200710028324
0.4861742815818238	cosine	24.0	0.0	22.0	0.2124670414275315	0.07289658589843155
1.1569948532053058	cosine	24.0	2.0	16.0	0.319292392850017	0.014412173665151762
0.8083944120162457	cosine	24.0	4.0	2.0	0.35127409801076814	0.008090044838256295
0.7618845681331324	cosine	24.0	2.0	22.0	0.2018515127212751	0.08350450624194317
0.7221211742897646	cosine	24.0	20.0	18.0	0.18118348213186988	0.10741654185240362
1.3721542281001016	cosine	24.0	16.0	10.0	0.4191629742256741	0.0020549825603631638
1.1029171501749087	cosine	24.0	8.0	10.0	0.32477853075510776	0.013093115992743426
-0.2040010663095632	cosine	24.0	18.0	16.0	0.14420726128863112	0.16176125330350544
-0.336844545935059	cosine	24.0	18.0	16.0	0.21076445880646086	0.0745247925817003
-0.5687901106407159	cosine	24.0	16.0	18.0	0.21815970297510862	0.06764995867882109
0.5694077693580368	cosine	24.0	8.0	10.0	0.30263454002180495	0.019140153805216078
-0.2891115548089051	cosine	24.0	12.0	8.0	0.28049054928850214	0.02741363646522646
0.4077056109994367	cosine	24.0	6.0	8.0	0.24358389806633082	0.04769966180633572
0.5338605716182248	cosine	24.0	12.0	10.0	0.19929591659972523	0.08622355226943118
-1.1045178057167673	cosine	24.0	10.0	8.0	0.22882123757746228	0.05861420943696903
0.9696374856637308	cosine	24.0	22.0	0.0	0.22711994083632678	0.059988929747551704
1.942329469212423	cosine	24.0	16.0	18.0	0.3142978771675294	0.015710968084713377
-1.346190100507936	cosine	24.0	8.0	4.0	0.20997359500870416	0.07529048637923798
1.975742690137966	cosine	24.0	20.0	22.0	0.19191458635529096	0.09444831922890234
1.6493954518287397	cosine	24.0	10.0	12.0	0.16238926537755388	0.1331294177656946
0.22055281742779861	cosine	24.0	6.0	4.0	0.22882123757746228	0.05861420943696903
1.0160040081997634	cosine	24.0	12.0	6.0	0.37504055588612945	0.005121247717925717
-0.40664818622821	cosine	24.0	16.0	18.0	0.29950738883023387	0.02016114215609676
0.27770686021075375	cosine	24.0	18.0	6.0	0.36930244871323964	0.005731632693820295
1.262989673889178	cosine	24.0	16.0	22.0	0.1978141420187362	0.0878301350644845
0.0848188443077539	cosine	24.0	10.0	14.0	0.4088959481748449	0.002560614606221767
0.012986282841968236	cosine	24.0	10.0	16.0	0.2132583553077991	0.07214917198900778
0.34142635881192296	cosine	24.0	14.0	16.0	0.23620256782189655	0.052934139906380795
0.23962694522015324	cosine	24.0	20.0	18.0	0.28471690049293835	0.0256371939762934
-1.0066677119449343	cosine	24.0	6.0	8.0	0.22882123757746228	0.05861420943696903
0.073349259128465	cosine	24.0	12.0	8.0	0.2731092190440679	0.030762062328506853
0.8155205925134118	cosine	24.0	0.0	22.0	0.13187609467915748	0.18330919691073255
-0.33487678875692223	cosine	24.0	6.0	2.0	0.3352210025577558	0.010868624632020605
0.060883944914804575	cosine	24.0	18.0	16.0	0.39564556302265463	0.003378433371147737
0.3707827093142538	cosine	24.0	6.0	4.0	0.23620256782189655	0.052934139906380795
-0.6377423123455404	cosine	24.0	0.0	2.0	0.32477853075510776	0.013093115992743426
1.1528971705146602	cosine	24.0	0.0	2.0	0.4428798146660561	0.0012148494454507022
0.2573197390540657	cosine	24.0	8.0	22.0	0.3516695858110866	0.008030305253720312
1.7845094202765304	cosine	24.0	22.0	4.0	0.21168447139674654	0.0736415560484396
0.10919136978633061	cosine	24.0	22.0	20.0	0.17715192586642242	0.11260606365924808
0.3991127040529688	cosine	24.0	12.0	2.0	0.31195233784197063	0.01635477579570562
-0.11202415384354383	cosine	24.0	4.0	2.0	0.3216931213361771	0.01382149916799702
-0.5862960163279213	cosine	24.0	8.0	10.0	0.19929591659972523	0.08622355226943118
-0.017624319791110843	cosine	24.0	2.0	4.0	0.3142978771675294	0.015710968084713377
0.6217127663525787	cosine	24.0	14.0	12.0	0.17715192586642242	0.11260606365924808
-0.13467640605454692	cosine	24.0	22.0	20.0	0.1845332561108567	0.10323755908592297
-2.9598715847058434	cosine	24.0	20.0	22.0	0.21405857708859377	0.07139933215686703
0.32814848363611937	cosine	24.0	4.0	16.0	0.3327378498307407	0.011365424119290006
0.677692581778123	cosine	24.0	18.0	16.0	0.2773216563242906	0.02881195020498228
1.149131482293853	cosine	24.0	2.0	8.0	0.24681106781724876	0.04554533424377086
1.659565872082813	cosine	24.0	0.0	2.0	0.3616851819772791	0.0066412775630506635
1.0249035215418223	cosine	24.0	2.0	22.0	0.23855178776150696	0.051220920739073736
-1.1852308742966426	cosine	24.0	4.0	2.0	0.29211214466158614	0.02276070879876716
1.2688984384767372	cosine	24.0	4.0	2.0	0.19597397046916537	0.08985625322931617
0.5895093252951429	cosine	24.0	12.0	14.0	0.28049054928850214	0.02741363646522646
-0.5432586918419602	cosine	24.0	16.0	20.0	0.3235644011566607	0.013375682598903569
0.30271860781959	cosine	24.0	18.0	16.0	0.24774067964969962	0.04493949144849353
1.1673821388965322	cosine	24.0	20.0	18.0	0.29950738883023387	0.02016114215609676
-0.19143558759411206	cosine	24.0	8.0	22.0	0.26375218935831496	0.03548639977917875
-0.33623850025760993	cosine	24.0	2.0	10.0	0.27107863906271257	0.03174043341798899
1.019900124981488	cosine	24.0	14.0	16.0	0.32477853075510776	0.013093115992743426
-1.3379338886656071	cosine	24.0	6.0	2.0	0.37942596992800925	0.004694491835707916
0.05000567907097233	cosine	24.0	22.0	10.0	0.1718536147477452	0.11969508363170434
0.29179849952372117	cosine	24.0	8.0	6.0	0.2731092190440679	0.030762062328506853
1.2230604624454233	cosine	24.0	10.0	6.0	0.3425884971194647	0.009504204798824281
0.5550527720463979	cosine	24.0	10.0	12.0	0.19929591659972523	0.08622355226943118
-0.8318243802797192	cosine	24.0	12.0	10.0	0.1550079351331196	0.14430254111594104
-0.997018699448716	cosine	24.0	0.0	22.0	0.24177284024512205	0.04894394450731348
0.3678128504659011	cosine	24.0	6.0	4.0	0.30263454002180495	0.019140153805216078
0.9675527552628724	cosine	24.0	12.0	10.0	0.22882123757746228	0.05861420943696903
0.174632441382473	cosine	24.0	12.0	16.0	0.23944357325553983	0.05058223589567321
0.544917487814106	cosine	24.0	18.0	16.0	0.3142978771675294	0.015710968084713377
0.8065136034652095	cosine	24.0	6.0	4.0	0.21405857708859377	0.07139933215686703
0.1361870970594827	cosine	24.0	22.0	18.0	0.32785350799604684	0.012400444227444124
-1.660057278508357	cosine	24.0	12.0	10.0	0.2066772468441595	0.07854663026645384
-0.395438475745077	cosine	24.0	20.0	4.0	0.36930244871323964	0.005731632693820295
-0.8759891795716472	cosine	24.0	6.0	4.0	0.1845332561108567	0.10323755908592297
-3.426277903481767	cosine	24.0	10.0	18.0	0.30038443788030317	0.01987023624788583
0.49505623098395807	cosine	24.0	20.0	6.0	0.2564257396539173	0.03958738267049287
-0.33866897199201884	cosine	24.0	18.0	20.0	0.40304080719130236	0.0028969453261565256
1.1170693521020736	cosine	24.0	20.0	22.0	0.16238926537755388	0.1331294177656946
-0.6210485840750744	cosine	24.0	18.0	22.0	0.29101603518750224	0.023169067299739072
-1.1829254538919807	cosine	24.0	20.0	0.0	0.3296902366978937	0.01200202793833976
0.37472710779293456	cosine	24.0	22.0	20.0	0.19191458635529096	0.09444831922890234
0.48666768143882355	cosine	24.0	20.0	18.0	0.22555494714375637	0.0612756889104502
-0.8576105640879571	cosine	24.0	14.0	16.0	0.2731092190440679	0.030762062328506853
0.7248142924817609	cosine	24.0	8.0	6.0	0.2878718795329364	0.024374796195956446
-0.04896148154095072	cosine	24.0	20.0	22.0	0.24358389806633082	0.04769966180633572
-1.0568241937881322	cosine	24.0	16.0	18.0	0.2625311679869951	0.03614461188618968
-0.9516752395546028	cosine	24.0	20.0	18.0	0.19597397046916537	0.08985625322931617
0.3070260661265127	cosine	24.0	8.0	14.0	0.44857791978537054	0.001066818689722777
-2.176659487506604	cosine	24.0	10.0	12.0	0.3690665122217134	0.00575805764378841
-1.3427146543823136	cosine	24.0	20.0	22.0	0.3173972005106735	0.014893695995628085
-2.6754387929036185	cosine	24.0	4.0	22.0	0.40877001373164845	0.0025674603998461286
1.451463818473885	cosine	24.0	22.0	4.0	0.3284759038915032	0.012264171834014782
-0.027298879622458163	cosine	24.0	12.0	14.0	0.2583465585551994	0.03847661585264555
0.38755328265605804	cosine	24.0	18.0	12.0	0.3529793467163571	0.007835221812399042
-0.5401976189365296	cosine	24.0	16.0	6.0	0.46156633137705116	0.0007891434326405708
0.3713932433881314	cosine	24.0	8.0	22.0	0.2564257396539173	0.03958738267049287
1.0285912389517293	cosine	24.0	20.0	18.0	0.17378823796322213	0.11707097859576515
0.044065453310565494	cosine	24.0	6.0	4.0	0.33215986099954203	0.011483852877009561
0.37520175315881177	cosine	24.0	0.0	22.0	0.3956282840374724	0.003379637955668793
-2.2035256007164996	cosine	24.0	22.0	16.0	0.10989674556596457	0.22591886828671226
0.6397376650668163	cosine	24.0	8.0	2.0	0.3499559916811736	0.008291978169918663
-0.5366388492684654	cosine	24.0	12.0	16.0	0.24681106781724876	0.04554533424377086
1.2569250494011692	cosine	24.0	8.0	10.0	0.3912105029550162	0.003700585778126575
-0.1288046493712014	cosine	24.0	22.0	14.0	0.3633327228982952	0.006434369694368368
-0.25710265811126476	cosine	24.0	16.0	8.0	0.36198952893673986	0.006602618688996535
-0.000871918107785605	cosine	24.0	12.0	14.0	0.16238926537755388	0.1331294177656946
-0.005717258147985781	cosine	24.0	6.0	4.0	0.22143990733302804	0.06476208627439409
-1.0089227441401059	cosine	24.0	18.0	14.0	0.3352210025577558	0.010868624632020605
-0.8037597122400023	cosine	24.0	4.0	2.0	0.29211214466158614	0.02276070879876716
1.1376034281172698	cosine	24.0	22.0	0.0	0.16850834320114566	0.12432991439258562
-0.3112568854163833	cosine	24.0	4.0	10.0	0.40445550144582587	0.0028122218604653615
0.5130452759353307	cosine	24.0	6.0	8.0	0.2583465585551994	0.03847661585264555
1.7516059463359197	cosine	24.0	14.0	2.0	0.2742344916187423	0.030230724316061157
0.25872290909942847	cosine	24.0	12.0	14.0	0.30263454002180495	0.019140153805216078
-0.1285928410751789	cosine	24.0	16.0	18.0	0.2625311679869951	0.03614461188618968
0.11923507697660256	cosine	24.0	8.0	10.0	0.2583465585551994	0.03847661585264555
-0.15163401651934083	cosine	24.0	8.0	12.0	0.26572788879963366	0.03444220575113408
0.5145641702449831	cosine	24.0	2.0	4.0	0.18118348213186988	0.10741654185240362
-0.17460759997582825	cosine	24.0	12.0	14.0	0.16977059562198815	0.12256654833167985
-1.4594431668808638	cosine	24.0	12.0	10.0	0.42811715417718754	0.00168992695018417
-0.1538399947623442	cosine	24.0	16.0	8.0	0.2961732509482417	0.02130021087103255
0.7692251995592009	cosine	24.0	16.0	18.0	0.28471690049293835	0.0256371939762934
0.45788762372741126	cosine	24.0	16.0	14.0	0.1845332561108567	0.10323755908592297
0.3519328157424665	cosine	24.0	6.0	8.0	0.2952532097773707	0.02162395005989455
1.0861953292689233	cosine	24.0	12.0	8.0	0.16238926537755388	0.1331294177656946
-2.7005991308586674	cosine	24.0	8.0	6.0	0.17715192586642242	0.11260606365924808
1.716420412329877	cosine	24.0	18.0	20.0	0.21815970297510862	0.06764995867882109
0.15043945271520165	cosine	24.0	8.0	10.0	0.3690665122217134	0.00575805764378841
-0.4435446664408626	cosine	24.0	10.0	8.0	0.22143990733302804	0.06476208627439409
-1.4367026032232184	cosine	24.0	22.0	20.0	0.37644784246614765	0.004980681982243198
0.42942142331351046	cosine	24.0	12.0	6.0	0.5588839656342321	6.508730039328347e-05
-0.4142253868699786	cosine	24.0	20.0	18.0	0.2625311679869951	0.03614461188618968
0.7123454623092206	cosine	24.0	10.0	8.0	0.3100158702662392	0.016903200710028324
-1.0217852730458963	cosine	24.0	18.0	20.0	0.20336921463781313	0.08192052243423542
-2.2049615581009507	cosine	24.0	2.0	4.0	0.17378823796322213	0.11707097859576515
2.0375077351853705	cosine	24.0	8.0	10.0	0.2878718795329364	0.024374796195956446
0.03808158948794238	cosine	24.0	16.0	18.0	0.21076445880646086	0.0745247925817003
1.0616947743268614	cosine	24.0	22.0	12.0	0.2490992899495197	0.04406574993045694
0.3554460185468943	cosine	24.0	4.0	8.0	0.2983835297492112	0.020539183818460795
1.2297687082820297	cosine	24.0	10.0	16.0	0.22796582808764732	0.059302293251139775
1.7657764859857756	cosine	24.0	22.0	0.0	0.2124670414275315	0.07289658589843155
0.5256126666713179	cosine	24.0	10.0	8.0	0.3395411912439763	0.010049245916082774
0.03885919156583806	cosine	24.0	4.0	2.0	0.1589977496259266	0.13818700065494172
-0.7913868718886312	cosine	24.0	4.0	6.0	0.3395411912439763	0.010049245916082774
0.4588427984928981	cosine	24.0	12.0	2.0	0.4807736030270371	0.0004984798211842407
-0.36559554839708636	cosine	24.0	12.0	14.0	0.17715192586642242	0.11260606365924808
-1.5036943312763331	cosine	24.0	0.0	22.0	0.2490992899495197	0.04406574993045694
-1.125820021793432	cosine	24.0	2.0	12.0	0.19451145771322875	0.09149116941576257
-0.8811742511004779	cosine	24.0	8.0	6.0	0.2878718795329364	0.024374796195956446
-0.3729014536798549	cosine	24.0	4.0	6.0	0.19929591659972523	0.08622355226943118
-0.10086339393766768	cosine	24.0	2.0	8.0	0.3057510243109201	0.018166718113862217
-0.2846204517228914	cosine	24.0	20.0	18.0	0.2551359238183474	0.04034778682105685
-0.33166486286329216	cosine	24.0	20.0	22.0	0.17715192586642242	0.11260606365924808
0.3376350465377794	cosine	24.0	10.0	0.0	0.23121173275346057	0.056724522828230005
-0.05578899522813747	cosine	24.0	0.0	2.0	0.24358389806633082	0.04769966180633572
-1.2247853897902252	cosine	24.0	22.0	0.0	0.4322605325594606	0.0015418834458715692
0.3066571479407175	cosine	24.0	22.0	12.0	0.1758347929055433	0.11433970056138665
1.6918391321401478	cosine	24.0	2.0	4.0	0.38825031885400685	0.003930673389220724
-0.4733925877184006	cosine	24.0	14.0	16.0	0.2878718795329364	0.024374796195956446
-1.9258608465877776	cosine	24.0	2.0	0.0	0.33215986099954203	0.011483852877009561
0.2736461665955427	cosine	24.0	8.0	14.0	0.26473451003726783	0.034964025382031784
2.239130149158642	cosine	24.0	16.0	0.0	0.23766989273624334	0.0518588158081891
-0.35709014511207604	cosine	24.0	10.0	8.0	0.2731092190440679	0.030762062328506853
-0.0020311799401553617	cosine	24.0	14.0	18.0	0.3425884971194647	0.009504204798824281
-1.6898766160301841	cosine	24.0	8.0	6.0	0.2066772468441595	0.07854663026645384
0.8598713317611769	cosine	24.0	2.0	0.0	0.3173972005106735	0.014893695995628085
0.4306404442301019	cosine	24.0	12.0	6.0	0.24267330086749553	0.0483220815907642
-0.5353956823273142	cosine	24.0	10.0	12.0	0.23620256782189655	0.052934139906380795
1.2318974390307058	cosine	24.0	12.0	16.0	0.4088959481748449	0.002560614606221767
-0.2859098333612549	cosine	24.0	10.0	18.0	0.2490992899495197	0.04406574993045694
-1.1157179724301338	cosine	24.0	0.0	4.0	0.3720584753663004	0.005430836150817805
-0.02472722890006309	cosine	24.0	14.0	18.0	0.3204860134343379	0.014115833190008366
-0.8542312387549937	cosine	24.0	20.0	18.0	0.23295019131240413	0.055380662873957556
-0.05462271997874372	cosine	24.0	0.0	4.0	0.23207607869383093	0.05605319139859437
-1.2665462715467668	cosine	24.0	12.0	4.0	0.2815474113952421	0.026960055111695882
1.304783350783373	cosine	24.0	0.0	22.0	0.4469134319682559	0.0011082524137469671
1.359040347713505	cosine	24.0	18.0	12.0	0.22796582808764732	0.059302293251139775
-0.0847550269828391	cosine	24.0	16.0	18.0	0.33648360967347263	0.010623344634627566
-0.18595040694062712	cosine	24.0	12.0	8.0	0.28049054928850214	0.02741363646522646
0.1005366732401105	cosine	24.0	18.0	20.0	0.2625311679869951	0.03614461188618968
0.22315997915090297	cosine	24.0	16.0	20.0	0.41180923783574996	0.0024067837772616878
0.007683838402297587	cosine	24.0	6.0	0.0	0.2794419828171161	0.027869928627522758
-1.1250791476806001	cosine	24.0	16.0	2.0	0.17249129268908964	0.11882559898325235
-1.2556508299346327	cosine	24.0	16.0	22.0	0.24177284024512205	0.04894394450731348
-0.3728642183461908	cosine	24.0	10.0	4.0	0.16178220057833034	0.13402521306684823
-0.747078723722633	cosine	24.0	14.0	12.0	0.23620256782189655	0.052934139906380795
0.3603715303255018	cosine	24.0	20.0	18.0	0.4843884930464276	0.00045636531009746786
0.2890880286166901	cosine	24.0	16.0	18.0	0.23295019131240413	0.055380662873957556
-1.0725093815313842	cosine	24.0	16.0	4.0	0.28886033117174187	0.023990189143146694
1.638382397328343	cosine	24.0	12.0	16.0	0.26154605694066657	0.03668290960514206
-0.6382499148550949	cosine	24.0	10.0	8.0	0.4207358239327533	0.0019860827842088013
-1.4468944604151053	cosine	24.0	6.0	4.0	0.4354984844216218	0.001434531998309761
-0.978808819763459	cosine	24.0	12.0	14.0	0.2583465585551994	0.03847661585264555
1.2449721858962737	cosine	24.0	12.0	14.0	0.08119463268877694	0.289153392696982
-0.7097084876639511	cosine	24.0	20.0	18.0	0.20336921463781313	0.08192052243423542
-0.2807268166917609	cosine	24.0	20.0	18.0	0.2773216563242906	0.02881195020498228
-0.3887075725944007	cosine	24.0	10.0	12.0	0.2509652283107651	0.042888118888463896
-1.1022243585831937	cosine	24.0	22.0	20.0	0.3616851819772791	0.0066412775630506635
0.23279843661224003	cosine	24.0	10.0	8.0	0.23620256782189655	0.052934139906380795
-0.6355224368620803	cosine	24.0	0.0	2.0	0.24358389806633082	0.04769966180633572
-1.599186991472245	cosine	24.0	10.0	12.0	0.2066772468441595	0.07854663026645384
0.9417945246033612	cosine	24.0	0.0	20.0	0.22711994083632678	0.059988929747551704
-0.28227057362228775	cosine	24.0	22.0	18.0	0.19523860588528633	0.09067556890797257
0.062305778299340746	cosine	24.0	12.0	10.0	0.23620256782189655	0.052934139906380795
0.1420645407151576	cosine	24.0	0.0	22.0	0.3516695858110866	0.008030305253720312
-1.7079148103126933	cosine	24.0	18.0	22.0	0.3499559916811736	0.008291978169918663
0.7730643054812771	cosine	24.0	6.0	10.0	0.3425884971194647	0.009504204798824281
-1.6733807666105935	cosine	24.0	6.0	8.0	0.1845332561108567	0.10323755908592297
0.39957069962734515	cosine	24.0	4.0	6.0	0.3173972005106735	0.014893695995628085
-0.3037421586021947	cosine	24.0	20.0	14.0	0.458753438002898	0.0008429158824009362
-0.7033792191691266	cosine	24.0	12.0	18.0	0.22796582808764732	0.059302293251139775
0.7187612822761067	cosine	24.0	6.0	8.0	0.16238926537755388	0.1331294177656946
0.09801832801198966	cosine	24.0	22.0	0.0	0.3956282840374724	0.003379637955668793
0.10444920472512544	cosine	24.0	14.0	16.0	0.40597316344388473	0.002723822944538488
-0.8476815229500456	cosine	24.0	8.0	18.0	0.4322605325594606	0.0015418834458715692
0.9044976318083983	cosine	24.0	8.0	4.0	0.3573234862428825	0.0072177043070196685
1.7922492991263828	cosine	24.0	22.0	20.0	0.2878718795329364	0.024374796195956446
-1.716147625794318	cosine	24.0	20.0	18.0	0.2551359238183474	0.04034778682105685
0.8856433696742888	cosine	24.0	4.0	6.0	0.19191458635529096	0.09444831922890234
0.8923868652121956	cosine	24.0	20.0	18.0	0.29950738883023387	0.02016114215609676
-0.939539855407315	cosine	24.0	14.0	8.0	0.3235644011566607	0.013375682598903569
-1.393546917615028	cosine	24.0	12.0	8.0	0.23620256782189655	0.052934139906380795
0.32717904502039247	cosine	24.0	8.0	12.0	0.23620256782189655	0.052934139906380795
-0.005839248068707736	cosine	24.0	6.0	4.0	0.4502611449104903	0.0010263673653035312
-0.06350189446184545	cosine	24.0	10.0	8.0	0.3173972005106735	0.014893695995628085
0.10190881241532099	cosine	24.0	12.0	18.0	0.1985508825279509	0.08702857063002639
-0.11648439401299007	cosine	24.0	18.0	20.0	0.2773216563242906	0.02881195020498228
-1.072380606093771	cosine	24.0	16.0	18.0	0.2625311679869951	0.03614461188618968
-0.7122684609938638	cosine	24.0	22.0	20.0	0.3912105029550162	0.003700585778126575
1.1514742108760567	cosine	24.0	22.0	2.0	0.17249129268908964	0.11882559898325235
-0.1776442860976711	cosine	24.0	20.0	18.0	0.2699264121556429	0.03230693818080994
-0.9174029216899284	cosine	24.0	12.0	14.0	0.33215986099954203	0.011483852877009561
-1.3854750077201758	cosine	24.0	22.0	20.0	0.45764247515492457	0.0008650668306068227
1.3402394494352345	cosine	24.0	6.0	4.0	0.4945491263770959	0.00035499671505080416
-0.3852676577070437	cosine	24.0	2.0	16.0	0.3559926678902488	0.0074021542409467705
-0.5840605523592463	cosine	24.0	22.0	0.0	0.2124670414275315	0.07289658589843155
-2.1871652021263395	cosine	24.0	12.0	18.0	0.37504055588612945	0.005121247717925717
-0.1582994309345689	cosine	24.0	20.0	22.0	0.2952532097773707	0.02162395005989455
0.1232879432814829	cosine	24.0	4.0	8.0	0.28364854062579337	0.02607689362942387
0.7361623324851718	cosine	24.0	20.0	22.0	0.3395411912439763	0.010049245916082774
-1.1365938630345582	cosine	24.0	0.0	22.0	0.4322605325594606	0.0015418834458715692
-0.21660606495056753	cosine	24.0	22.0	14.0	0.2018515127212751	0.08350450624194317
1.1494799949044183	cosine	24.0	22.0	20.0	0.33215986099954203	0.011483852877009561
-0.7825408584710775	cosine	24.0	10.0	6.0	0.3499559916811736	0.008291978169918663
-0.4135326021377271	cosine	24.0	8.0	10.0	0.17715192586642242	0.11260606365924808
0.08204022275897906	cosine	24.0	6.0	22.0	0.25960865206574274	0.037760701669805136
-0.5874806541789087	cosine	24.0	12.0	10.0	0.2583465585551994	0.03847661585264555
0.48908219687450627	cosine	24.0	14.0	16.0	0.1845332561108567	0.10323755908592297
0.8617772853633183	cosine	24.0	18.0	14.0	0.27628104606408443	0.02928387041000692
1.0393291358460468	cosine	24.0	20.0	22.0	0.21405857708859377	0.07139933215686703
1.077115038190863	cosine	24.0	0.0	22.0	0.24177284024512205	0.04894394450731348
0.17688114556022283	cosine	24.0	14.0	4.0	0.586115976351811	3.0032056332742354e-05
0.27768293858713994	cosine	24.0	14.0	22.0	0.3780128329143879	0.004828409167272734
-0.45576875276496054	cosine	24.0	14.0	10.0	0.2173410895704131	0.0683859475317161
-0.5473968080742575	cosine	24.0	10.0	8.0	0.2509652283107651	0.042888118888463896
-0.9020685355451862	cosine	24.0	2.0	10.0	0.3370166864022913	0.010521242945149252
-1.063397291669453	cosine	24.0	12.0	14.0	0.22143990733302804	0.06476208627439409
-1.095370542896764	cosine	24.0	8.0	6.0	0.24358389806633082	0.04769966180633572
0.151415787738262	cosine	24.0	22.0	2.0	0.37067277790634157	0.005580272880207826
-1.4367086726324998	cosine	24.0	18.0	16.0	0.4178312955285979	0.0021150055896341437
-0.13096186913833335	cosine	24.0	22.0	16.0	0.27840508876711023	0.028327345676766758
-0.3532723921240609	cosine	24.0	6.0	10.0	0.31311851887262904	0.016031910355278088
1.4282692622838566	cosine	24.0	12.0	14.0	0.23620256782189655	0.052934139906380795
-0.564099358947698	cosine	24.0	6.0	4.0	0.28049054928850214	0.02741363646522646
1.8156533827372343	cosine	24.0	18.0	20.0	0.24034543548105186	0.04994280222373064
1.5469435485551604	cosine	24.0	10.0	4.0	0.4338704470055223	0.0014876246619668022
0.4431694714955108	cosine	24.0	20.0	18.0	0.3069026329988816	0.017817847893956983
0.5487010835256071	cosine	24.0	4.0	6.0	0.4428798146660561	0.0012148494454507022
-0.8910123211318948	cosine	24.0	12.0	14.0	0.22882123757746228	0.05861420943696903
-0.18163476892958114	cosine	24.0	22.0	0.0	0.3077108875847008	0.01757642110804049
0.33762325562470263	cosine	24.0	0.0	22.0	0.2857315384715079	0.025225367793130095
-1.4413593677172039	cosine	24.0	0.0	22.0	0.1978141420187362	0.0878301350644845
1.6371752173746303	cosine	24.0	22.0	18.0	0.43836592642168065	0.0013452089331977713
2.387485180531299	cosine	24.0	2.0	18.0	0.3296902366978937	0.01200202793833976
-1.119014328570001	cosine	24.0	12.0	14.0	0.4207358239327533	0.0019860827842088013
-1.2019971078303575	cosine	24.0	20.0	18.0	0.24034543548105186	0.04994280222373064
0.1258281254403346	cosine	24.0	20.0	22.0	0.23620256782189655	0.052934139906380795
2.06120221142039	cosine	24.0	14.0	12.0	0.24358389806633082	0.04769966180633572
-1.3118944258527363	cosine	24.0	10.0	8.0	0.2952532097773707	0.02162395005989455
0.19408479343728774	cosine	24.0	12.0	0.0	0.42049288714873817	0.001996585957609922
0.2103252627309896	cosine	24.0	16.0	12.0	0.28364854062579337	0.02607689362942387
2.2645194608786046	cosine	24.0	18.0	20.0	0.29211214466158614	0.02276070879876716
1.2413277463616923	cosine	24.0	22.0	20.0	0.28049054928850214	0.02741363646522646
2.6774880139015518	cosine	24.0	14.0	12.0	0.2066772468441595	0.07854663026645384
-0.5035243061146261	cosine	24.0	22.0	2.0	0.539494043091408	0.00011064459200311445
2.1221033513285312	cosine	24.0	20.0	22.0	0.1845332561108567	0.10323755908592297
-0.07119874982265266	cosine	24.0	6.0	2.0	0.20997359500870416	0.07529048637923798
-0.4414402376356149	cosine	24.0	4.0	6.0	0.3173972005106735	0.014893695995628085
1.4460207144854849	cosine	24.0	2.0	4.0	0.28471690049293835	0.0256371939762934
-0.08925463078547384	cosine	24.0	22.0	0.0	0.21979349113192914	0.06619938366322035
-0.14084022541323743	cosine	24.0	22.0	20.0	0.30263454002180495	0.019140153805216078
1.5713384874448244	cosine	24.0	22.0	0.0	0.27107863906271257	0.03174043341798899
-0.1256429281058581	cosine	24.0	14.0	18.0	0.2173410895704131	0.0683859475317161
0.6250678259949008	cosine	24.0	12.0	18.0	0.3382718739365089	0.010284203985431312
-0.8807633743193372	cosine	24.0	8.0	6.0	0.19929591659972523	0.08622355226943118
-2.0603446207144875	cosine	24.0	12.0	16.0	0.19523860588528633	0.09067556890797257
0.2425305167773775	cosine	24.0	18.0	16.0	0.20336921463781313	0.08192052243423542
3.018671304062937	cosine	24.0	0.0	22.0	0.19048769231433857	0.09610287952344321
0.817517905881161	cosine	24.0	20.0	18.0	0.2699264121556429	0.03230693818080994
-0.0005821593716016099	cosine	24.0	22.0	0.0	0.1538554437923504	0.1461025192525654
1.5369871427732873	cosine	24.0	12.0	10.0	0.2509652283107651	0.042888118888463896
1.4686886973764275	cosine	24.0	20.0	18.0	0.28471690049293835	0.0256371939762934
0.047829131949524345	cosine	24.0	14.0	22.0	0.2752520628017388	0.029756812538456148
0.2718471874983793	cosine	24.0	20.0	22.0	0.42811715417718754	0.00168992695018417
-2.7139344963790095	cosine	24.0	16.0	18.0	0.15160250545727888	0.14966458474778954
-1.1956777891592976	cosine	24.0	16.0	18.0	0.3734598305167114	0.005283338852544909
2.2898123299951774	cosine	24.0	20.0	18.0	0.16639299379457437	0.12732468937632635
1.3826174137068235	cosine	24.0	2.0	22.0	0.2899321728178315	0.023578911023083498
-0.8959252057037295	cosine	24.0	12.0	4.0	0.31079909050124127	0.016679520254869944
0.593245780189456	cosine	24.0	20.0	22.0	0.3469225214884106	0.008773600268086433
1.1133545840208492	cosine	24.0	2.0	8.0	0.27628104606408443	0.02928387041000692
-1.7475134664970118	cosine	24.0	14.0	12.0	0.2066772468441595	0.07854663026645384
2.2097667699809675	cosine	24.0	22.0	16.0	0.2930579881759055	0.022413223470489428
1.964107440944835	cosine	24.0	20.0	18.0	0.23295019131240413	0.055380662873957556
-0.2910550356882816	cosine	24.0	10.0	8.0	0.17715192586642242	0.11260606365924808
1.0647538592697172	cosine	24.0	8.0	10.0	0.23620256782189655	0.052934139906380795
-0.21513957830715189	cosine	24.0	2.0	18.0	0.2124670414275315	0.07289658589843155
1.5367287324626215	cosine	24.0	6.0	14.0	0.4570574860312372	0.0008769446059987085
0.5196084249343992	cosine	24.0	12.0	18.0	0.2794419828171161	0.027869928627522758
0.8432329179617645	cosine	24.0	6.0	2.0	0.23207607869383093	0.05605319139859437
-0.6545257973387197	cosine	24.0	20.0	18.0	0.21815970297510862	0.06764995867882109
-0.3196278982680852	cosine	24.0	2.0	22.0	0.28259211780978516	0.026517864644015943
-0.2497516931954501	cosine	24.0	6.0	4.0	0.22882123757746228	0.05861420943696903
0.646156544123932	cosine	24.0	16.0	14.0	0.24358389806633082	0.04769966180633572
1.5773982790584369	cosine	24.0	2.0	4.0	0.1885787263005176	0.09834961988888624
-0.057229452232387484	cosine	24.0	20.0	18.0	0.2773216563242906	0.02881195020498228
-0.05039423284851052	cosine	24.0	4.0	10.0	0.22796582808764732	0.059302293251139775
0.5909519505666719	cosine	24.0	16.0	14.0	0.26572788879963366	0.03444220575113408
-0.33336425089764304	cosine	24.0	18.0	4.0	0.1758347929055433	0.11433970056138665
0.07876208201993164	cosine	24.0	14.0	16.0	0.33215986099954203	0.011483852877009561
-0.23760415582435823	cosine	24.0	20.0	22.0	0.2066772468441595	0.07854663026645384
-0.1623315837469046	cosine	24.0	2.0	6.0	0.15840113307674175	0.139090076569109
-0.31083903110398037	cosine	24.0	4.0	6.0	0.28049054928850214	0.02741363646522646
0.7867547984774076	cosine	24.0	14.0	6.0	0.21573113340674394	0.06985141207676396
1.595572737166003	cosine	24.0	10.0	8.0	0.2878718795329364	0.024374796195956446
0.41947918461102524	cosine	24.0	20.0	10.0	0.2930579881759055	0.022413223470489428
1.381007742256227	cosine	24.0	2.0	6.0	0.12893115482990605	0.1887087499682683
-0.6196724230340932	cosine	24.0	22.0	0.0	0.2930579881759055	0.022413223470489428
1.3058061175758109	cosine	24.0	16.0	22.0	0.2564257396539173	0.03958738267049287
-0.3434875664968344	cosine	24.0	4.0	6.0	0.28049054928850214	0.02741363646522646
-0.021762712628415892	cosine	24.0	22.0	0.0	0.24177284024512205	0.04894394450731348
-0.44857394463670197	cosine	24.0	18.0	20.0	0.28471690049293835	0.0256371939762934
-0.5578106499331614	cosine	24.0	18.0	6.0	0.2522957322892429	0.04206404605218764
-1.7199803696771392	cosine	24.0	4.0	22.0	0.2554812585822803	0.04014304304154523
-1.1661141850576944	cosine	24.0	22.0	0.0	0.26375218935831496	0.03548639977917875
-1.0732290238885287	cosine	24.0	6.0	4.0	0.2878718795329364	0.024374796195956446
0.03565913756899946	cosine	24.0	16.0	18.0	0.23295019131240413	0.055380662873957556
0.8339963797385809	cosine	24.0	0.0	22.0	0.23444639054072441	0.05424431461757581
0.7238152785812803	cosine	24.0	2.0	0.0	0.2731092190440679	0.030762062328506853
1.110745616958256	cosine	24.0	0.0	20.0	0.30038443788030317	0.01987023624788583
0.10056187855941957	cosine	24.0	20.0	16.0	0.22796582808764732	0.059302293251139775
1.2556886963595593	cosine	24.0	4.0	2.0	0.35127409801076814	0.008090044838256295
2.292573881882486	cosine	24.0	10.0	2.0	0.2564257396539173	0.03958738267049287
-0.7376300208972019	cosine	24.0	0.0	22.0	0.21979349113192914	0.06619938366322035
-1.0973197847031169	cosine	24.0	14.0	22.0	0.4807736030270371	0.0004984798211842407
-0.3230392934242927	cosine	24.0	16.0	14.0	0.19929591659972523	0.08622355226943118
-0.48012560233350554	cosine	24.0	10.0	12.0	0.30263454002180495	0.019140153805216078
2.277769225962239	cosine	24.0	22.0	0.0	0.22711994083632678	0.059988929747551704
-1.5535557688218868	cosine	24.0	2.0	0.0	0.22882123757746228	0.05861420943696903
-0.37990923850526914	cosine	24.0	10.0	8.0	0.19929591659972523	0.08622355226943118
0.6957530039129268	cosine	24.0	14.0	16.0	0.39859183319945046	0.003178592823322213
0.004008358193269166	cosine	24.0	6.0	8.0	0.2066772468441595	0.07854663026645384
1.3223140711707608	cosine	24.0	2.0	16.0	0.3780128329143879	0.004828409167272734
-0.3371468087864456	cosine	24.0	6.0	4.0	0.39859183319945046	0.003178592823322213
1.632192648413442	cosine	24.0	20.0	0.0	0.2857315384715079	0.025225367793130095
-0.4809628864749111	cosine	24.0	20.0	22.0	0.3173972005106735	0.014893695995628085
-0.32451041671036823	cosine	24.0	0.0	8.0	0.24177284024512205	0.04894394450731348
0.732591791269531	cosine	24.0	20.0	22.0	0.3100158702662392	0.016903200710028324
0.7767574094533057	cosine	24.0	2.0	22.0	0.3046122828339243	0.01851739807192879
1.8581915567813143	cosine	24.0	10.0	8.0	0.3469225214884106	0.008773600268086433
0.4696929260325271	cosine	24.0	22.0	0.0	0.19048769231433857	0.09610287952344321
-0.29721082654859404	cosine	24.0	22.0	0.0	0.2564257396539173	0.03958738267049287
0.6997286392024634	cosine	24.0	18.0	4.0	0.505525029603437	0.0002692544206654216
-0.5164139269067294	cosine	24.0	22.0	20.0	0.32477853075510776	0.013093115992743426
-0.256076574776515	cosine	24.0	18.0	0.0	0.28467911670596946	0.025652637913207904
-0.6076740630396399	cosine	24.0	12.0	14.0	0.24358389806633082	0.04769966180633572
1.2173416556585077	cosine	24.0	22.0	0.0	0.3956282840374724	0.003379637955668793
-0.34241503610598556	cosine	24.0	6.0	12.0	0.36033308310628126	0.006815453874930347
0.5727464944029949	cosine	24.0	20.0	18.0	0.3216931213361771	0.01382149916799702
-0.6026005559515758	cosine	24.0	4.0	6.0	0.2583465585551994	0.03847661585264555
0.35900957721682275	cosine	24.0	8.0	6.0	0.32477853075510776	0.013093115992743426
-0.93163098647392	cosine	24.0	4.0	18.0	0.35899603551548426	0.0069916470137857895
-0.6791661956787459	cosine	24.0	0.0	4.0	0.15103363851503282	0.15057309273890357
-0.8386504785046015	cosine	24.0	22.0	0.0	0.4322605325594606	0.0015418834458715692
-0.12288862043734099	cosine	24.0	4.0	10.0	0.26473451003726783	0.034964025382031784
-0.7271905047127164	cosine	24.0	16.0	18.0	0.39564556302265463	0.003378433371147737
1.2925947966604556	cosine	24.0	22.0	20.0	0.24358389806633082	0.04769966180633572
-0.7711407117711313	cosine	24.0	8.0	6.0	0.2509652283107651	0.042888118888463896
0.2170134359429006	cosine	24.0	22.0	0.0	0.24177284024512205	0.04894394450731348
0.3619569051185979	cosine	24.0	2.0	10.0	0.4469134319682559	0.0011082524137469671
1.0652111501947101	cosine	24.0	10.0	14.0	0.27628104606408443	0.02928387041000692
-0.2680788254194574	cosine	24.0	14.0	16.0	0.2583465585551994	0.03847661585264555
0.25883537111209337	cosine	24.0	4.0	2.0	0.19597397046916537	0.08985625322931617
-0.3764483979098712	cosine	24.0	6.0	12.0	0.36768681949620535	0.005914759289857825
0.0840871931734992	cosine	24.0	16.0	20.0	0.38239429227605354	0.0044239335465011175
0.12477534206337397	cosine	24.0	12.0	14.0	0.19929591659972523	0.08622355226943118
0.6549941957830985	cosine	24.0	16.0	14.0	0.2066772468441595	0.07854663026645384
-1.126351515892709	cosine	24.0	2.0	0.0	0.23620256782189655	0.052934139906380795
-0.12096385718793887	cosine	24.0	22.0	10.0	0.25960865206574274	0.037760701669805136
-0.3233996578125519	cosine	24.0	16.0	6.0	0.27107863906271257	0.03174043341798899
2.485898387168509	cosine	24.0	6.0	12.0	0.3971017650559018	0.0032782919758639786
0.8012030179439259	cosine	24.0	8.0	2.0	0.15103363851503282	0.15057309273890357
-1.2729183650669076	cosine	24.0	0.0	20.0	0.4029547337418701	0.0029021736212107687
1.9077836868694704	cosine	24.0	10.0	12.0	0.19929591659972523	0.08622355226943118
0.5763340074030469	cosine	24.0	18.0	16.0	0.24034543548105186	0.04994280222373064
-1.8248162766174314	cosine	24.0	10.0	12.0	0.2583465585551994	0.03847661585264555
-0.9412336256585571	cosine	24.0	6.0	2.0	0.3057510243109201	0.018166718113862217
-1.7888018473010596	cosine	24.0	8.0	6.0	0.28049054928850214	0.02741363646522646
0.3649429315856331	cosine	24.0	6.0	4.0	0.19191458635529096	0.09444831922890234
0.9469192189914127	cosine	24.0	18.0	16.0	0.21815970297510862	0.06764995867882109
0.48233915430489444	cosine	24.0	8.0	0.0	0.3516695858110866	0.008030305253720312
0.13757199801353354	cosine	24.0	10.0	12.0	0.2583465585551994	0.03847661585264555
0.9487387489570479	cosine	24.0	22.0	20.0	0.16977059562198815	0.12256654833167985
-1.3536206150327874	cosine	24.0	18.0	16.0	0.22555494714375637	0.0612756889104502
-1.028779690288948	cosine	24.0	0.0	22.0	0.23444639054072441	0.05424431461757581
0.9846622027402372	cosine	24.0	22.0	20.0	0.22882123757746228	0.05861420943696903
1.0605776419861652	cosine	24.0	10.0	8.0	0.3173972005106735	0.014893695995628085
-0.5176923859435981	cosine	24.0	22.0	20.0	0.16238926537755388	0.1331294177656946
-0.09062896584206466	cosine	24.0	16.0	18.0	0.2625311679869951	0.03614461188618968
0.5309947146618582	cosine	24.0	0.0	16.0	0.3034861707247415	0.018869840911642614
-0.5113651987429727	cosine	24.0	16.0	22.0	0.2857315384715079	0.025225367793130095
0.8836776107963197	cosine	24.0	6.0	22.0	0.24498281251274312	0.04675598822900129
-1.3325219655342218	cosine	24.0	14.0	12.0	0.2731092190440679	0.030762062328506853
-0.4184173046060359	cosine	24.0	4.0	2.0	0.2625311679869951	0.03614461188618968
1.7282081455463725	cosine	24.0	16.0	12.0	0.28364854062579337	0.02607689362942387
0.14460409769902627	cosine	24.0	6.0	8.0	0.35430385173284484	0.007642194440630212
1.5496961553590993	cosine	24.0	2.0	22.0	0.40003299793852704	0.0030847701270604547
-0.38004511798360846	cosine	24.0	14.0	20.0	0.4293932179707125	0.0016430090548121858
0.535045505670419	cosine	24.0	6.0	8.0	0.21405857708859377	0.07139933215686703
0.43326749399338044	cosine	24.0	2.0	4.0	0.17378823796322213	0.11707097859576515
0.20507886690749524	cosine	24.0	8.0	22.0	0.26375218935831496	0.03548639977917875
-1.8793198888809737	cosine	24.0	8.0	10.0	0.3100158702662392	0.016903200710028324
1.7496430172594888	cosine	24.0	2.0	4.0	0.29211214466158614	0.02276070879876716
-0.3843223971634186	cosine	24.0	2.0	4.0	0.4400170280345411	0.0012961112381875797
-0.6112963711998559	cosine	24.0	10.0	6.0	0.224708584132122	0.06198051021301793
-1.091459955144665	cosine	24.0	12.0	10.0	0.16238926537755388	0.1331294177656946
1.2686889572259228	cosine	24.0	22.0	0.0	0.2857315384715079	0.025225367793130095
-0.015907360012464233	cosine	24.0	10.0	16.0	0.272088246427192	0.0312508191139719
-1.264839904353653	cosine	24.0	20.0	14.0	0.3559926678902488	0.0074021542409467705
-0.47698673167407374	cosine	24.0	4.0	2.0	0.24034543548105186	0.04994280222373064
0.5898386815348506	cosine	24.0	12.0	14.0	0.2066772468441595	0.07854663026645384
0.24126018832285376	cosine	24.0	4.0	18.0	0.22711994083632678	0.059988929747551704
-2.854033269791702	cosine	24.0	18.0	12.0	0.28679571920704017	0.024799403568754007
-0.2618310292646869	cosine	24.0	6.0	2.0	0.23944357325553983	0.05058223589567321
-0.9451676219031735	cosine	24.0	22.0	2.0	0.22387167774541422	0.06268366142713092
1.0785694270769133	cosine	24.0	0.0	2.0	0.2509652283107651	0.042888118888463896
-0.8164739940138834	cosine	24.0	22.0	0.0	0.2490992899495197	0.04406574993045694
-1.4805316506576547	cosine	24.0	10.0	8.0	0.3100158702662392	0.016903200710028324
0.02613099249186433	cosine	24.0	12.0	8.0	0.2731092190440679	0.030762062328506853
1.5478971064620703	cosine	24.0	0.0	22.0	0.22711994083632678	0.059988929747551704
0.9643976843101992	cosine	24.0	18.0	16.0	0.3290883655048249	0.012131343131205926
-2.5549164931640487	cosine	24.0	16.0	12.0	0.224708584132122	0.06198051021301793
0.4903171941105632	cosine	24.0	20.0	0.0	0.3296902366978937	0.01200202793833976
0.3487747052256115	cosine	24.0	20.0	0.0	0.24177284024512205	0.04894394450731348
0.20568979357959616	cosine	24.0	2.0	12.0	0.33397250286610974	0.01111599587008164
-1.3801381854005683	cosine	24.0	16.0	8.0	0.20841821363024415	0.0768138415244357
-1.1740416818626476	cosine	24.0	6.0	8.0	0.2878718795329364	0.024374796195956446
-0.19156663298631307	cosine	24.0	0.0	4.0	0.3941609590514271	0.003483349956988493
-0.21115908456323484	cosine	24.0	16.0	18.0	0.2773216563242906	0.02881195020498228
-1.21255166104806	cosine	24.0	2.0	0.0	0.2878718795329364	0.024374796195956446
0.4900140458781392	cosine	24.0	2.0	0.0	0.19191458635529096	0.09444831922890234
1.3772489426644954	cosine	24.0	8.0	10.0	0.21405857708859377	0.07139933215686703
0.3102114553640688	cosine	24.0	22.0	20.0	0.2878718795329364	0.024374796195956446
1.1824435880196444	cosine	24.0	14.0	8.0	0.7059586934327142	6.724409657772863e-07
-2.4013364715535217	cosine	24.0	14.0	16.0	0.2731092190440679	0.030762062328506853
-1.255884639711207	cosine	24.0	4.0	6.0	0.19929591659972523	0.08622355226943118
2.8148150948330906	cosine	24.0	0.0	2.0	0.3912105029550162	0.003700585778126575
-0.16081693663637386	cosine	24.0	2.0	6.0	0.32785350799604684	0.012400444227444124
0.5389110112769702	cosine	24.0	10.0	8.0	0.2583465585551994	0.03847661585264555
1.0569167974401557	cosine	24.0	12.0	10.0	0.2509652283107651	0.042888118888463896
-1.2873525670042625	cosine	24.0	22.0	0.0	0.3077108875847008	0.01757642110804049
0.5132343774810849	cosine	24.0	0.0	2.0	0.28049054928850214	0.02741363646522646
-1.6079797711177588	cosine	24.0	10.0	8.0	0.16238926537755388	0.1331294177656946
1.6550434435324923	cosine	24.0	12.0	14.0	0.3100158702662392	0.016903200710028324
1.5358595226832803	cosine	24.0	16.0	10.0	0.6324213295334732	7.470176580264522e-06
0.3126247964788065	cosine	24.0	8.0	6.0	0.46502380539935884	0.0007273798775274108
-0.212906312794296	cosine	24.0	18.0	16.0	0.3660645863480636	0.006103836469221554
-1.807016178961835	cosine	24.0	0.0	22.0	0.35899603551548426	0.0069916470137857895
-0.020674911433642584	cosine	24.0	18.0	12.0	0.29414945559696426	0.022017809811881017
-0.7666963175637093	cosine	24.0	18.0	16.0	0.18118348213186988	0.10741654185240362
1.734265820116231	cosine	24.0	12.0	10.0	0.3395411912439763	0.010049245916082774
-2.278389485876277	cosine	24.0	22.0	16.0	0.31503733728909844	0.015512560718579184
0.8938795641882485	cosine	24.0	16.0	20.0	0.24267330086749553	0.0483220815907642
1.3911703535233304	cosine	24.0	6.0	8.0	0.3912105029550162	0.003700585778126575
0.9328774921055067	cosine	24.0	12.0	14.0	0.3100158702662392	0.016903200710028324
1.5966504696167096	cosine	24.0	4.0	2.0	0.20336921463781313	0.08192052243423542
-0.9485997614334256	cosine	24.0	16.0	14.0	0.3395411912439763	0.010049245916082774
0.36439578752211993	cosine	24.0	2.0	0.0	0.26572788879963366	0.03444220575113408
-0.7156243349887076	cosine	24.0	16.0	18.0	0.28471690049293835	0.0256371939762934
-1.175047387080727	cosine	24.0	18.0	22.0	0.27628104606408443	0.02928387041000692
-0.0941865421908316	cosine	24.0	0.0	20.0	0.31503733728909844	0.015512560718579184
-0.5195127792356358	cosine	24.0	20.0	16.0	0.19119714613802677	0.09527758524409297
-1.0189172723909237	cosine	24.0	6.0	4.0	0.30263454002180495	0.019140153805216078
-0.64208988218646	cosine	24.0	10.0	12.0	0.37644784246614765	0.004980681982243198
-0.08862401711830828	cosine	24.0	8.0	10.0	0.28049054928850214	0.02741363646522646
-1.2664367927083344	cosine	24.0	18.0	6.0	0.1718536147477452	0.11969508363170434
-0.3087793952124147	cosine	24.0	6.0	4.0	0.19929591659972523	0.08622355226943118
0.4728584260477026	cosine	24.0	16.0	14.0	0.2583465585551994	0.03847661585264555
-0.47976626857127547	cosine	24.0	0.0	2.0	0.2066772468441595	0.07854663026645384
-0.2555927469077912	cosine	24.0	12.0	10.0	0.32477853075510776	0.013093115992743426
0.9213555230090175	cosine	24.0	14.0	12.0	0.22143990733302804	0.06476208627439409
-0.16951757510550472	cosine	24.0	14.0	16.0	0.2731092190440679	0.030762062328506853
0.027685862440291913	cosine	24.0	10.0	12.0	0.19191458635529096	0.09444831922890234
-1.1372041927361942	cosine	24.0	4.0	10.0	0.3162106647667366	0.015202154824326483
0.6589450330048394	cosine	24.0	18.0	20.0	0.19597397046916537	0.08985625322931617
1.9265201354242718	cosine	24.0	22.0	10.0	0.3985541278192388	0.003181081626915231
1.3491607479339995	cosine	24.0	4.0	8.0	0.20260610044699526	0.0827141103030547
0.672449128269933	cosine	24.0	2.0	0.0	0.23620256782189655	0.052934139906380795
0.18281986234731815	cosine	24.0	0.0	18.0	0.21168447139674654	0.0736415560484396
-0.3394309987856648	cosine	24.0	16.0	20.0	0.4412241833954464	0.001261257819012709
1.0194336159769264	cosine	24.0	8.0	6.0	0.22882123757746228	0.05861420943696903
-0.39007899879724106	cosine	24.0	0.0	2.0	0.24358389806633082	0.04769966180633572
0.2193827779085827	cosine	24.0	8.0	6.0	0.24358389806633082	0.04769966180633572
-0.0059242530862910975	cosine	24.0	14.0	18.0	0.29101603518750224	0.023169067299739072
0.38542439489018243	cosine	24.0	8.0	2.0	0.2689135515023755	0.032811789040382046
-1.4588833112139314	cosine	24.0	6.0	4.0	0.17715192586642242	0.11260606365924808
-0.3571401836998464	cosine	24.0	16.0	18.0	0.22555494714375637	0.0612756889104502
0.36887117621218696	cosine	24.0	22.0	20.0	0.19929591659972523	0.08622355226943118
2.57603566560379	cosine	24.0	18.0	20.0	0.3069026329988816	0.017817847893956983
0.04878672940995753	cosine	24.0	20.0	22.0	0.22882123757746228	0.05861420943696903
0.6082645106039704	cosine	24.0	10.0	12.0	0.2952532097773707	0.02162395005989455
-1.4063895943618219	cosine	24.0	16.0	14.0	0.3616851819772791	0.0066412775630506635
0.3093000404404759	cosine	24.0	10.0	12.0	0.19191458635529096	0.09444831922890234
0.3655236199176521	cosine	24.0	10.0	12.0	0.2952532097773707	0.02162395005989455
1.525528435057982	cosine	24.0	0.0	22.0	0.18316124260994093	0.1049347021149013
0.3917207201325877	cosine	24.0	18.0	16.0	0.21076445880646086	0.0745247925817003
-1.5194131725590552	cosine	24.0	18.0	12.0	0.2794419828171161	0.027869928627522758
-0.7373437104403591	cosine	24.0	20.0	22.0	0.23620256782189655	0.052934139906380795
0.009508637124972208	cosine	24.0	2.0	4.0	0.3290883655048249	0.012131343131205926
-0.5800824845379442	cosine	24.0	6.0	8.0	0.2066772468441595	0.07854663026645384
0.4019897108710048	cosine	24.0	12.0	14.0	0.21405857708859377	0.07139933215686703
0.9325268550833598	cosine	24.0	16.0	20.0	0.16178220057833034	0.13402521306684823
-0.11502772110264303	cosine	24.0	14.0	2.0	0.34736368938374024	0.008702066626578324
0.41570268820431405	cosine	24.0	20.0	22.0	0.19929591659972523	0.08622355226943118
-0.3199938338569393	cosine	24.0	2.0	0.0	0.2066772468441595	0.07854663026645384
-0.7132757509582232	cosine	24.0	12.0	10.0	0.33215986099954203	0.011483852877009561
0.43544179173420305	cosine	24.0	20.0	18.0	0.21076445880646086	0.0745247925817003
0.6153682716653693	cosine	24.0	6.0	0.0	0.26473451003726783	0.034964025382031784
-0.1543633628531319	cosine	24.0	8.0	6.0	0.1550079351331196	0.14430254111594104
-2.826983656903035	cosine	24.0	8.0	2.0	0.2173410895704131	0.0683859475317161
-0.09283681761336571	cosine	24.0	10.0	14.0	0.32785350799604684	0.012400444227444124
-0.4316095815770986	cosine	24.0	18.0	12.0	0.17648967335817856	0.11347537277868341
-0.44578186970948874	cosine	24.0	16.0	10.0	0.272088246427192	0.0312508191139719
0.25943727493528246	cosine	24.0	20.0	18.0	0.3216931213361771	0.01382149916799702
0.584407170210183	cosine	24.0	16.0	14.0	0.39859183319945046	0.003178592823322213
-0.31026606151639563	cosine	24.0	18.0	20.0	0.3660645863480636	0.006103836469221554
0.4072828800578291	cosine	24.0	12.0	14.0	0.26572788879963366	0.03444220575113408
0.5610877798851174	cosine	24.0	22.0	20.0	0.2731092190440679	0.030762062328506853
-0.3123073019759431	cosine	24.0	12.0	4.0	0.2742344916187423	0.030230724316061157
-1.2420014827230788	cosine	24.0	10.0	6.0	0.19523860588528633	0.09067556890797257
-1.0847013569728323	cosine	24.0	6.0	18.0	0.31079909050124127	0.016679520254869944
-1.388310818145186	cosine	24.0	8.0	12.0	0.2878718795329364	0.024374796195956446
0.8066825282045386	cosine	24.0	18.0	20.0	0.3660645863480636	0.006103836469221554
1.3191835686482083	cosine	24.0	16.0	12.0	0.3720584753663004	0.005430836150817805
-0.08686358700194044	cosine	24.0	4.0	6.0	0.2731092190440679	0.030762062328506853
1.4684791141817992	cosine	24.0	10.0	12.0	0.24358389806633082	0.04769966180633572
-0.14278167256740792	cosine	24.0	2.0	4.0	0.23295019131240413	0.055380662873957556
0.6915729204138243	cosine	24.0	10.0	8.0	0.2066772468441595	0.07854663026645384
-0.9345068840700065	cosine	24.0	20.0	22.0	0.2878718795329364	0.024374796195956446
1.3344395469720822	cosine	24.0	16.0	12.0	0.2983835297492112	0.020539183818460795
-1.672366914545652	cosine	24.0	10.0	8.0	0.2066772468441595	0.07854663026645384
-0.34052452080918305	cosine	24.0	12.0	8.0	0.2731092190440679	0.030762062328506853
-0.9966399176556002	cosine	24.0	16.0	6.0	0.3516695858110866	0.008030305253720312
1.3021305116306625	cosine	24.0	6.0	8.0	0.3100158702662392	0.016903200710028324
0.9615489034316778	cosine	24.0	22.0	0.0	0.22711994083632678	0.059988929747551704
0.04438605948952488	cosine	24.0	10.0	8.0	0.33215986099954203	0.011483852877009561
0.14369104017484877	cosine	24.0	22.0	2.0	0.319292392850017	0.014412173665151762
-0.6539300550733775	cosine	24.0	8.0	10.0	0.37644784246614765	0.004980681982243198
-0.08086266948905485	cosine	24.0	6.0	4.0	0.2878718795329364	0.024374796195956446
1.449588588444942	cosine	24.0	22.0	2.0	0.17983134769713602	0.1091374763504191
0.9717747246137991	cosine	24.0	12.0	14.0	0.19191458635529096	0.09444831922890234
1.0637786349649765	cosine	24.0	12.0	10.0	0.35430385173284484	0.007642194440630212
-0.05131232354872317	cosine	24.0	10.0	8.0	0.26572788879963366	0.03444220575113408
0.8694529190687537	cosine	24.0	0.0	22.0	0.2124670414275315	0.07289658589843155
0.2700104822141731	cosine	24.0	20.0	18.0	0.3586693421794159	0.0070353044355588755
-1.3185264417116638	cosine	24.0	4.0	2.0	0.4104360513599501	0.0024782190637700975
-0.9345778966491433	cosine	24.0	8.0	12.0	0.19191458635529096	0.09444831922890234
0.97657442672205	cosine	24.0	0.0	14.0	0.2930579881759055	0.022413223470489428
-0.8094500079401754	cosine	24.0	16.0	0.0	0.36930244871323964	0.005731632693820295
0.6856749767194011	cosine	24.0	4.0	6.0	0.2066772468441595	0.07854663026645384
1.857468625429735	cosine	24.0	22.0	0.0	0.3883018343330748	0.003926562060915238
-1.2047744762657022	cosine	24.0	4.0	18.0	0.3370166864022913	0.010521242945149252
-1.5096134327883746	cosine	24.0	16.0	12.0	0.26154605694066657	0.03668290960514206
1.221373346006709	cosine	24.0	12.0	10.0	0.21405857708859377	0.07139933215686703
-0.43939554271785475	cosine	24.0	12.0	6.0	0.272088246427192	0.0312508191139719
-0.027734310589336064	cosine	24.0	10.0	16.0	0.3015031919868884	0.01950433652444874
-0.06366699722166091	cosine	24.0	16.0	10.0	0.272088246427192	0.0312508191139719
1.9840589979531693	cosine	24.0	14.0	10.0	0.26154605694066657	0.03668290960514206
1.3399156682554523	cosine	24.0	12.0	10.0	0.39859183319945046	0.003178592823322213
0.08501235750927574	cosine	24.0	20.0	18.0	0.33648360967347263	0.010623344634627566
0.4416063226541485	cosine	24.0	18.0	16.0	0.3216931213361771	0.01382149916799702
1.9800349915107842	cosine	24.0	6.0	20.0	0.424934082855063	0.0018123247756937882
-0.6128131809570674	cosine	24.0	12.0	8.0	0.33215986099954203	0.011483852877009561
1.698119178127348	cosine	24.0	8.0	10.0	0.16977059562198815	0.12256654833167985
-0.016196122772553903	cosine	24.0	18.0	0.0	0.40877001373164845	0.0025674603998461286
-1.4947839182681562	cosine	24.0	14.0	12.0	0.2509652283107651	0.042888118888463896
0.7841583652132096	cosine	24.0	2.0	22.0	0.22387167774541422	0.06268366142713092
-0.24943882023389508	cosine	24.0	20.0	16.0	0.3897480286659777	0.0038127055583381552
1.1468452001118223	cosine	24.0	14.0	10.0	0.1805036167618685	0.10827938255929248
0.10668131101048074	cosine	24.0	8.0	10.0	0.32477853075510776	0.013093115992743426
-0.8000758736469045	cosine	24.0	0.0	20.0	0.424934082855063	0.0018123247756937882
0.28110010553153025	cosine	24.0	14.0	16.0	0.413354493688319	0.00232862927072122
-1.52572101040588	cosine	24.0	6.0	4.0	0.14762660488868534	0.15609104027542364
0.11790766845592872	cosine	24.0	10.0	12.0	0.19929591659972523	0.08622355226943118
2.1796859555272343	cosine	24.0	20.0	18.0	0.22555494714375637	0.0612756889104502
0.13360919084173695	cosine	24.0	10.0	14.0	0.32785350799604684	0.012400444227444124
0.06516326183129956	cosine	24.0	4.0	2.0	0.4104360513599501	0.0024782190637700975
0.6345377856589858	cosine	24.0	12.0	10.0	0.24358389806633082	0.04769966180633572
0.8094397771003763	cosine	24.0	16.0	18.0	0.33648360967347263	0.010623344634627566
-0.08591324535416812	cosine	24.0	10.0	8.0	0.35430385173284484	0.007642194440630212
0.39795273157612393	cosine	24.0	8.0	10.0	0.17715192586642242	0.11260606365924808
0.8368873584713026	cosine	24.0	8.0	4.0	0.26154605694066657	0.03668290960514206
-1.0558855132700626	cosine	24.0	22.0	0.0	0.32236378699349605	0.013660266883671912
-0.3003786572783808	cosine	24.0	6.0	4.0	0.2583465585551994	0.03847661585264555
-0.30277055817890997	cosine	24.0	0.0	22.0	0.26375218935831496	0.03548639977917875
0.5376415214634325	cosine	24.0	10.0	12.0	0.2509652283107651	0.042888118888463896
1.4009705820579397	cosine	24.0	6.0	8.0	0.1550079351331196	0.14430254111594104
-1.4733354031625656	cosine	24.0	4.0	2.0	0.3216931213361771	0.01382149916799702
1.8993678075014788	cosine	24.0	14.0	16.0	0.3395411912439763	0.010049245916082774
-0.4670694251886854	cosine	24.0	6.0	4.0	0.3469225214884106	0.008773600268086433
1.7282450107108729	cosine	24.0	20.0	18.0	0.20336921463781313	0.08192052243423542
0.45854773635518076	cosine	24.0	10.0	8.0	0.17715192586642242	0.11260606365924808
1.6719022672680155	cosine	24.0	20.0	16.0	0.19119714613802677	0.09527758524409297
0.6999402598667762	cosine	24.0	18.0	20.0	0.28471690049293835	0.0256371939762934
-1.5822515477578571	cosine	24.0	22.0	2.0	0.3559926678902488	0.0074021542409467705
0.7912645723091196	cosine	24.0	6.0	4.0	0.2878718795329364	0.024374796195956446
0.1488907479914965	cosine	24.0	8.0	14.0	0.25002703725741965	0.04347701138065798
-0.6419982436272005	cosine	24.0	20.0	18.0	0.2699264121556429	0.03230693818080994
0.19629216266704996	cosine	24.0	2.0	0.0	0.3838291727105819	0.00429821088254844
1.184501192730877	cosine	24.0	8.0	6.0	0.22882123757746228	0.05861420943696903
-0.7240049365209856	cosine	24.0	6.0	10.0	0.1805036167618685	0.10827938255929248
-1.023575426006383	cosine	24.0	6.0	14.0	0.3254249300542409	0.012944793795829015
1.6110609316025246	cosine	24.0	22.0	0.0	0.3516695858110866	0.008030305253720312
0.4416062887862181	cosine	24.0	14.0	16.0	0.11071995366651402	0.22422834429010646
-0.18762299666465485	cosine	24.0	4.0	6.0	0.12548261415538256	0.19515484779068937
0.5185531803083009	cosine	24.0	22.0	18.0	0.36469098080459145	0.006268102368788777
-0.15880937656618063	cosine	24.0	20.0	16.0	0.20590461891787498	0.07932505515945215
0.1179483395185889	cosine	24.0	12.0	10.0	0.21405857708859377	0.07139933215686703
-1.498840104553864	cosine	24.0	16.0	14.0	0.22882123757746228	0.05861420943696903
-0.8732294061796303	cosine	24.0	18.0	20.0	0.3734598305167114	0.005283338852544909
-1.8580673307181945	cosine	24.0	22.0	0.0	0.26375218935831496	0.03548639977917875
-0.38670975594179063	cosine	24.0	22.0	6.0	0.25960865206574274	0.037760701669805136
-1.2146358868264147	cosine	24.0	22.0	2.0	0.4293932179707125	0.0016430090548121858
-0.38461889252047254	cosine	24.0	0.0	22.0	0.3077108875847008	0.01757642110804049
0.8588649838271013	cosine	24.0	20.0	18.0	0.3069026329988816	0.017817847893956983
0.3524601604904381	cosine	24.0	12.0	10.0	0.2066772468441595	0.07854663026645384
0.07338021734143446	cosine	24.0	2.0	20.0	0.1718536147477452	0.11969508363170434
1.845852514391076	cosine	24.0	2.0	4.0	0.3216931213361771	0.01382149916799702
1.2219099679949714	cosine	24.0	4.0	2.0	0.21815970297510862	0.06764995867882109
-0.9619978751594515	cosine	24.0	10.0	16.0	0.3897480286659777	0.0038127055583381552
0.2545470211793326	cosine	24.0	12.0	10.0	0.39859183319945046	0.003178592823322213
1.1503518777714479	cosine	24.0	20.0	18.0	0.33648360967347263	0.010623344634627566
-0.4688695477847173	cosine	24.0	16.0	14.0	0.28049054928850214	0.02741363646522646
-1.492467875475657	cosine	24.0	6.0	20.0	0.2124670414275315	0.07289658589843155
-1.8013870819528441	cosine	24.0	14.0	16.0	0.21405857708859377	0.07139933215686703
-1.2267260481536773	cosine	24.0	12.0	0.0	0.3839282882662392	0.00428964558614273
-1.7769819308243133	cosine	24.0	16.0	12.0	0.3867934644897182	0.004048549572026775
-0.5324725557232453	cosine	24.0	0.0	6.0	0.29414945559696426	0.022017809811881017
-0.011529612483843578	cosine	24.0	4.0	6.0	0.4502611449104903	0.0010263673653035312
0.038243291681312526	cosine	24.0	22.0	2.0	0.17983134769713602	0.1091374763504191
0.4263351067895659	cosine	24.0	14.0	12.0	0.22882123757746228	0.05861420943696903
1.7459787286874076	cosine	24.0	22.0	0.0	0.2930579881759055	0.022413223470489428
-1.0501011977642811	cosine	24.0	22.0	12.0	0.27107863906271257	0.03174043341798899
-0.3393909661204213	cosine	24.0	14.0	16.0	0.35430385173284484	0.007642194440630212
-0.42431494944724596	cosine	24.0	14.0	12.0	0.17715192586642242	0.11260606365924808
-0.3538788790867098	cosine	24.0	10.0	4.0	0.272088246427192	0.0312508191139719
-1.474453799266963	cosine	24.0	16.0	18.0	0.20336921463781313	0.08192052243423542
0.03484387281760754	cosine	24.0	8.0	2.0	0.2983835297492112	0.020539183818460795
0.78277800850957	cosine	24.0	10.0	16.0	0.38239429227605354	0.0044239335465011175
-0.9133633224503844	cosine	24.0	16.0	14.0	0.11810128391094828	0.20939473758024713
-1.0683268739771705	cosine	24.0	16.0	14.0	0.2731092190440679	0.030762062328506853
-2.4712658949281274	cosine	24.0	2.0	8.0	0.224708584132122	0.06198051021301793
-0.005321473641151088	cosine	24.0	22.0	20.0	0.33215986099954203	0.011483852877009561
-0.006984838395970953	cosine	24.0	6.0	10.0	0.20997359500870416	0.07529048637923798
0.755198890407948	cosine	24.0	20.0	0.0	0.38097538462867714	0.004551476929324292
-0.5201435687721697	cosine	24.0	16.0	0.0	0.3034861707247415	0.018869840911642614
-1.5428309524314727	cosine	24.0	4.0	2.0	0.3586693421794159	0.0070353044355588755
0.677385697331126	cosine	24.0	18.0	14.0	0.4236309372982628	0.0018647196863375262
1.1590576238337411	cosine	24.0	10.0	6.0	0.3057510243109201	0.018166718113862217
1.1565587081777446	cosine	24.0	22.0	14.0	0.44407332798680527	0.0011823697179425112
0.3461677926937787	cosine	24.0	0.0	6.0	0.3235644011566607	0.013375682598903569
0.7288064031145175	cosine	24.0	18.0	20.0	0.19597397046916537	0.08985625322931617
-0.5006723055355775	cosine	24.0	16.0	18.0	0.45480751637183664	0.0009240395187704023
1.932860876211834	cosine	24.0	2.0	22.0	0.2458918427695533	0.04615084821555857
-0.13913649228484495	cosine	24.0	20.0	18.0	0.4400170280345411	0.0012961112381875797
-1.7134699798568023	cosine	24.0	2.0	6.0	0.1731361222001596	0.11795090932869162
-0.2130511379964455	cosine	24.0	20.0	22.0	0.22143990733302804	0.06476208627439409
-1.5095053920732682	cosine	24.0	18.0	12.0	0.23531956447757144	0.053589721789768105
-0.21317053451529114	cosine	24.0	8.0	14.0	0.49270033812491515	0.00037172395509494575
0.5115169880160911	cosine	24.0	12.0	14.0	0.3469225214884106	0.008773600268086433
-0.19016050406837498	cosine	24.0	8.0	10.0	0.1845332561108567	0.10323755908592297
0.6378084802170034	cosine	24.0	10.0	4.0	0.36768681949620535	0.005914759289857825
-0.492535590308773	cosine	24.0	16.0	4.0	0.2815474113952421	0.026960055111695882
0.5194595791231242	cosine	24.0	10.0	12.0	0.3469225214884106	0.008773600268086433
1.0952403808089473	cosine	24.0	12.0	14.0	0.23620256782189655	0.052934139906380795
0.26532166809132185	cosine	24.0	14.0	12.0	0.2731092190440679	0.030762062328506853
-0.1705060281266188	cosine	24.0	2.0	4.0	0.29950738883023387	0.02016114215609676
0.15784737714275915	cosine	24.0	0.0	2.0	0.33215986099954203	0.011483852877009561
-0.022218825779694786	cosine	24.0	18.0	20.0	0.20336921463781313	0.08192052243423542
-0.4197791473051914	cosine	24.0	0.0	2.0	0.22143990733302804	0.06476208627439409
0.34513718443959257	cosine	24.0	20.0	18.0	0.3586693421794159	0.0070353044355588755
0.6825811582068092	cosine	24.0	20.0	8.0	0.18647945430074478	0.10086448344866494
-0.6536176213845554	cosine	24.0	22.0	16.0	0.5641366272386181	5.62110640857575e-05
-2.2182326204045757	cosine	24.0	20.0	12.0	0.24177284024512205	0.04894394450731348
-0.7824906424446256	cosine	24.0	10.0	2.0	0.2124670414275315	0.07289658589843155
-0.016192785408946395	cosine	24.0	20.0	22.0	0.4207358239327533	0.0019860827842088013
-1.6859209713628498	cosine	24.0	14.0	16.0	0.21405857708859377	0.07139933215686703
-1.193082961299171	cosine	24.0	20.0	0.0	0.30038443788030317	0.01987023624788583
-0.09456758795244209	cosine	24.0	2.0	0.0	0.26572788879963366	0.03444220575113408
-1.2922451109190196	cosine	24.0	22.0	0.0	0.2490992899495197	0.04406574993045694
0.3621659743657628	cosine	24.0	8.0	6.0	0.3616851819772791	0.0066412775630506635
-0.6020457467292368	cosine	24.0	10.0	4.0	0.28679571920704017	0.024799403568754007
-0.07042777827248953	cosine	24.0	20.0	22.0	0.2509652283107651	0.042888118888463896
0.48757539471762285	cosine	24.0	20.0	18.0	0.20336921463781313	0.08192052243423542
2.023185215377698	cosine	24.0	16.0	18.0	0.4695980047091321	0.0006525066655595678
0.6775407484601916	cosine	24.0	20.0	18.0	0.23295019131240413	0.055380662873957556
-0.18330654682239855	cosine	24.0	6.0	4.0	0.2731092190440679	0.030762062328506853
-0.3986574346250279	cosine	24.0	8.0	6.0	0.23620256782189655	0.052934139906380795
1.1245280785457432	cosine	24.0	4.0	2.0	0.18118348213186988	0.10741654185240362
-0.4952171972344123	cosine	24.0	10.0	22.0	0.1718536147477452	0.11969508363170434
0.31721289662587665	cosine	24.0	8.0	6.0	0.3395411912439763	0.010049245916082774
-0.8029401875134488	cosine	24.0	4.0	6.0	0.2509652283107651	0.042888118888463896
-0.03145242089202917	cosine	24.0	2.0	22.0	0.38535288792243433	0.004168210334027312
0.8706032459207805	cosine	24.0	14.0	12.0	0.16238926537755388	0.1331294177656946
1.1621110419746026	cosine	24.0	22.0	20.0	0.3395411912439763	0.010049245916082774
1.9906762106020583	cosine	24.0	4.0	2.0	0.33648360967347263	0.010623344634627566
-0.47481651309723266	cosine	24.0	20.0	22.0	0.37644784246614765	0.004980681982243198
0.4188756871889557	cosine	24.0	12.0	8.0	0.3616851819772791	0.0066412775630506635
-0.36829417603376324	cosine	24.0	0.0	2.0	0.30263454002180495	0.019140153805216078
-0.05222768925657563	cosine	24.0	4.0	2.0	0.29950738883023387	0.02016114215609676
0.9992295972548613	cosine	24.0	16.0	18.0	0.21815970297510862	0.06764995867882109
-0.43284245448293784	cosine	24.0	2.0	18.0	0.2930579881759055	0.022413223470489428
0.7613337515662666	cosine	24.0	8.0	2.0	0.1805036167618685	0.10827938255929248
-0.21673737860300732	cosine	24.0	6.0	20.0	0.344343136106689	0.009202243653261678
-1.3239950142023469	cosine	24.0	22.0	0.0	0.13920254438355512	0.17029941465108106
1.6246000905466547	cosine	24.0	12.0	14.0	0.42811715417718754	0.00168992695018417
0.9054788510831905	cosine	24.0	10.0	8.0	0.3469225214884106	0.008773600268086433
-0.05300473928409617	cosine	24.0	22.0	0.0	0.13920254438355512	0.17029941465108106
0.2273831674384204	cosine	24.0	22.0	0.0	0.16850834320114566	0.12432991439258562
0.41265611978351013	cosine	24.0	0.0	22.0	0.20514059172313384	0.08010054349500118
-0.45132459200363984	cosine	24.0	0.0	4.0	0.2173410895704131	0.0683859475317161
1.2008575448701064	cosine	24.0	4.0	6.0	0.3690665122217134	0.00575805764378841
0.19433704236719734	cosine	24.0	8.0	18.0	0.3296902366978937	0.01200202793833976
0.5809442548847987	cosine	24.0	2.0	0.0	0.2583465585551994	0.03847661585264555
-0.2179427860107562	cosine	24.0	0.0	14.0	0.1978141420187362	0.0878301350644845
1.162407077315908	cosine	24.0	22.0	12.0	0.13920254438355512	0.17029941465108106
-0.018878100075234147	cosine	24.0	20.0	18.0	0.29211214466158614	0.02276070879876716
-1.1613946279159313	cosine	24.0	18.0	20.0	0.3660645863480636	0.006103836469221554
-0.47844487153455817	cosine	24.0	12.0	20.0	0.27107863906271257	0.03174043341798899
-0.49176275294187943	cosine	24.0	14.0	18.0	0.4088959481748449	0.002560614606221767
-0.7488592088917486	cosine	24.0	14.0	10.0	0.48257089379193413	0.00047711050412939485
-0.13914103434946187	cosine	24.0	6.0	22.0	0.3254249300542409	0.012944793795829015
-0.10326308736181417	cosine	24.0	18.0	20.0	0.2699264121556429	0.03230693818080994
0.7139624933635556	cosine	24.0	22.0	0.0	0.27840508876711023	0.028327345676766758
0.8129389490393789	cosine	24.0	2.0	4.0	0.49178373721507534	0.00038028580688547706
-0.6444505741091593	cosine	24.0	12.0	10.0	0.3690665122217134	0.00575805764378841
-0.0010643844101677323	cosine	24.0	20.0	18.0	0.21815970297510862	0.06764995867882109
-0.5061681898000191	cosine	24.0	20.0	18.0	0.21815970297510862	0.06764995867882109
1.3525251003070975	cosine	24.0	0.0	22.0	0.27107863906271257	0.03174043341798899
-0.005472578602452044	cosine	24.0	18.0	0.0	0.21898393592766882	0.0669151152719305
1.4971243487469923	cosine	24.0	0.0	22.0	0.4029547337418701	0.0029021736212107687
-0.01471162104428164	cosine	24.0	0.0	2.0	0.2952532097773707	0.02162395005989455
-0.2978836790114211	cosine	24.0	0.0	2.0	0.23620256782189655	0.052934139906380795
0.6580898139376822	cosine	24.0	18.0	14.0	0.28364854062579337	0.02607689362942387
0.3637299287998544	cosine	24.0	4.0	6.0	0.19191458635529096	0.09444831922890234
-2.9966311818654083	cosine	24.0	8.0	4.0	0.23944357325553983	0.05058223589567321
0.36185328959550844	cosine	24.0	18.0	16.0	0.29211214466158614	0.02276070879876716
1.2300788978466661	cosine	24.0	0.0	22.0	0.27840508876711023	0.028327345676766758
0.48489733102664456	cosine	24.0	20.0	22.0	0.26572788879963366	0.03444220575113408
-1.0176018898541581	cosine	24.0	18.0	20.0	0.34387885384212036	0.009281315096840078
-0.44614455229053607	cosine	24.0	6.0	4.0	0.4797864658882274	0.0005105902815141257
0.14206516130694385	cosine	24.0	0.0	4.0	0.18787111132357742	0.09919213877373323
0.5585856979198898	cosine	24.0	16.0	12.0	0.20997359500870416	0.07529048637923798
-1.687395575778645	cosine	24.0	22.0	0.0	0.26375218935831496	0.03548639977917875
-0.002704034786942941	cosine	24.0	14.0	16.0	0.19929591659972523	0.08622355226943118
-0.2013679319666661	cosine	24.0	12.0	10.0	0.2066772468441595	0.07854663026645384
-1.424532132483938	cosine	24.0	6.0	4.0	0.33215986099954203	0.011483852877009561
0.8990766972868797	cosine	24.0	0.0	2.0	0.24358389806633082	0.04769966180633572
1.1231190305405299	cosine	24.0	14.0	16.0	0.4354984844216218	0.001434531998309761
1.4688690517546565	cosine	24.0	20.0	22.0	0.28049054928850214	0.02741363646522646
-0.6556813495451888	cosine	24.0	18.0	0.0	0.2992780457678141	0.02023780529425095
1.1519239209516332	cosine	24.0	2.0	0.0	0.22143990733302804	0.06476208627439409
1.2085277794117044	cosine	24.0	20.0	22.0	0.3173972005106735	0.014893695995628085
0.19661368420055847	cosine	24.0	12.0	14.0	0.28049054928850214	0.02741363646522646
-0.8787176487265527	cosine	24.0	4.0	6.0	0.22143990733302804	0.06476208627439409
-0.060577081648163215	cosine	24.0	20.0	22.0	0.24358389806633082	0.04769966180633572
0.4904889201623646	cosine	24.0	12.0	14.0	0.19929591659972523	0.08622355226943118
0.3767574489843847	cosine	24.0	2.0	0.0	0.3100158702662392	0.016903200710028324
-0.12115623432040723	cosine	24.0	20.0	0.0	0.26375218935831496	0.03548639977917875
-0.0723254778749423	cosine	24.0	20.0	18.0	0.20336921463781313	0.08192052243423542
0.1863082149731462	cosine	24.0	8.0	6.0	0.3100158702662392	0.016903200710028324
2.263286905612905	cosine	24.0	2.0	18.0	0.27840508876711023	0.028327345676766758
-0.7994444761958109	cosine	24.0	4.0	10.0	0.17648967335817856	0.11347537277868341
0.39922597650913433	cosine	24.0	18.0	16.0	0.24774067964969962	0.04493949144849353
-0.15583359691116244	cosine	24.0	22.0	12.0	0.3370166864022913	0.010521242945149252
